55.999855614107204
57.46090678995789
63.31583098812966
72.87582119011766
80.90159423249354
83.35040571326742
79.64641384332208
71.267677823171
60.55694432371146
49.78413532510895
40.59200878103036
33.84547332856909
29.7121601379508
29.638208043411407
36.647219736592945
49.40644094283027
61.16566897487423
66.69842646673528
65.05334921921272
59.336801848094666
55.28132121358132
54.90801644710214
54.91845234128043
52.392844146875504
47.158281751236615
40.724078452006985
35.28327463591245
32.25752014270816
31.971874422896025
34.56290933693194
40.16592628284888
48.15251325799678
56.903854533642644
65.04342989086567
72.06558034288796
77.50034149869623
80.64413433916603
82.29968178208793
86.20531305974997
94.58356348405329
103.23337633888063
105.58246478105474
98.82077168428074
84.18415898514371
64.81960612317022
44.44343407721979
26.315432720970293
12.413865416410985
3.3108525430471687
-0.19317560655105837
3.414569814553097
12.415760542355635
21.30330840416749
25.799345444947708
24.857380811503003
20.72448291018665
17.902241599609773
17.88843064976074
17.805221848245136
15.149638516227235
9.75404627700393
3.8373637276380403
1.208268607835163
2.6569408563310954
4.890624181666543
5.025856893759899
2.4859175477038122
-1.6191557120114164
-5.294569518077397
-7.480158381611105
-8.523071194505977
-8.756500113034166
-7.853644040895925
-5.7031110217529895
-2.9185056042274957
0.6122377632657878
6.186657586091307
14.4746931107803
24.696872243630004
35.213088517293
44.23877856861159
50.35776314820976
53.87641667348583
56.94761966111001
59.66877990454485
60.64433446239104
61.08890423637283
61.09296989441401
57.29666586001166
47.713433869260825
33.470855798955014
18.26070339606599
7.116980621669974
1.5898835916670748
-1.3534644088984287
-4.734274077586395
-9.520947882539174
-14.753454378232949
-18.169928658227196
-19.16760478073501
-19.596456105123117
-21.10249762203406
-24.007284904949426
-28.098069771852586
-33.05587620486061
-38.060754689064844
-41.877822495722384
-43.7564667783696
-43.70766630932666
-40.502081366968284
-31.32849940289383
-17.354180056268017
-4.737099272610724
1.8432032638988467
1.7466878871468232
-1.3745760980211283
-0.9756381457510148
4.840046816272412
11.660100744323735
15.918256258938442
17.534965276010798
18.643244201007207
22.153225385009257
28.367018551873436
34.44091503243978
37.681853103249104
37.03262855024579
32.39276416562545
25.352449908130886
19.581852589186564
16.705912079344014
14.40066442188113
10.274143914667917
4.12425358756299
-2.827554027516962
-9.509153737116254
-15.730737454384869
-21.4866759913037
-26.585816462807614
-29.33093307315335
-26.572800402766035
-18.870859183578634
-11.483771401696451
-8.600851237052341
-11.02145279060847
-16.515609585542776
-20.9356541314607
-22.63147134061583
-23.664412062566385
-25.996761059156082
-29.85242902216471
-33.103225549224696
-31.845900786900735
-25.82461180286322
-19.597207660439075
-16.93244304248932
-18.516084942095574
-21.263668010888598
-19.328073945302826
-11.763063441490509
-4.204694283609631
-1.1218548857782737
-2.648677266709134
-5.846907618771967
-6.509933850115502
-2.8805639350842913
3.554387381013157
10.912086972228254
17.996992675370407
24.019898454595
28.602720663468475
31.215319995356694
32.1705982551652
33.40473684492873
34.93025207235096
34.72978060881779
32.78252647380637
29.33979420637794
22.985008587480323
13.182312655968367
1.125097887020651
-11.114986422258788
-21.29163373569444
-28.30638938126506
-32.58786553269337
-35.01477375293633
-36.27824100561175
-35.20760824089105
-28.71628998053312
-17.627280767136853
-7.842362813837985
-3.878940191007592
-6.342632332853553
-12.352897817290945
-16.864963305529763
-17.9637130586737
-18.252069554247864
-20.198108413352777
-24.153910071242567
-27.992557074153144
-27.796950548198193
-23.03591119159276
-17.72860506308609
-15.243069851914415
-16.121923416552143
-18.719885768319195
-20.20212724164098
-19.129287815146107
-16.050737410705587
-11.442837386927618
-5.082096592003969
4.49324688785208
19.507548326999085
38.30941206673671
54.869089169158585
64.35826874658775
65.44316396544758
59.281209974019184
49.612954891520886
41.37735634934265
36.020003421211236
30.900100341538874
23.7776625743563
14.40056410777003
3.514450267820987
-7.475713644976908
-16.98271536643319
-24.012704131864183
-28.378423663939337
-29.006400919065932
-23.607172786864332
-13.408621509193779
-3.98673811191253
0.3592207400312244
-1.173237262974455
-7.17551154785672
-15.197766653127578
-23.081836440254065
-29.617463802943334
-34.26381281755764
-36.886233472677624
-35.93884600052013
-28.29472070126775
-15.108177628008288
-2.8481155942575676
3.490342958260584
3.0626813503641053
-2.2948029109987615
-9.502228673971807
-16.124808519575744
-21.06047740130491
-23.67962037100406
-23.357909113860035
-20.117250070732027
-14.941343023010516
-8.316025805726138
0.38508007994767013
11.359861789881604
23.59588028340803
35.766801621073796
46.91899448002642
55.64205213776564
61.11015104667293
64.61127194983129
66.22803968006423
63.982636893586175
57.58982657299957
48.13729559447199
36.3172379034511
23.12320214294007
10.031597264215389
-1.7833334710099287
-11.77174469170966
-19.48157288258712
-24.427434574715573
-26.66953611773588
-26.861208014535997
-26.04341084540909
-25.369327813020316
-25.286289520147974
-25.39886545951642
-25.297509405203815
-24.917296304177995
-23.849357104623834
-21.172132376409458
-17.14170243988823
-13.542377716018473
-11.75805703319479
-12.005237539957724
-13.130704668432355
-12.982256657589408
-11.013416823129935
-8.89545073640048
-8.014229369976132
-8.452493024996404
-9.80005366440401
-11.63086146892401
-12.976132519368822
-12.21437770941949
-8.03169005834919
-0.015096574304270138
10.683133486186577
21.409129426518575
30.45840486760251
38.02219566898625
44.25283475607463
48.52890452924623
50.97412719670505
54.08478625920348
60.115998478468995
66.52264604494947
68.05991474858963
62.15344881105554
50.11389234517448
35.38192994225645
20.871187898610405
7.78578687066403
-3.389800529281633
-12.316469722210872
-18.86044572669485
-23.081890727189208
-25.33781236508286
-26.25448361536232
-26.468475476278602
-26.45716730365533
-24.775761192359525
-18.005026457623654
-6.808770954749974
2.8338531198253527
6.328684666761879
3.1019496196616494
-4.1670598594163835
-10.90817611767925
-14.964917735909903
-17.821502714120296
-21.09053636629113
-24.959782242762817
-28.659789056449306
-30.97899662832173
-31.438460143193833
-30.524713162772983
-28.621958670485842
-25.53218077638317
-21.22847406161707
-16.33993061125691
-10.881047711530387
-3.7941572011068594
5.469938563049771
16.182592376332813
26.82008680490472
35.721686239492335
41.58615914688585
44.79603825535125
47.53465581327267
49.92605994672864
49.649531431529724
45.99286542197905
39.44499488117848
30.014957203083952
18.302368794489507
5.746517797843541
-6.36878477101914
-17.337875489993912
-26.386943923647536
-32.566867042570635
-35.59956629257675
-36.04173690511408
-33.80465676316496
-27.75418200363706
-18.97397919046191
-11.394640973526789
-7.951541316220981
-9.076359820011525
-13.678922980583353
-20.00694388009753
-26.381104911915102
-31.622747144568912
-35.124207312109085
-36.76077210450152
-36.0556973030178
-32.00512186898628
-25.335651463897722
-18.84715407869988
-14.64743385642803
-13.062838330713026
-13.215925865957049
-13.650794587700394
-13.187455994607832
-11.140882329644274
-6.922183922837133
-0.09891660051463536
8.379688552828174
15.96805874078613
21.5260054022291
26.299746186668354
31.13101138006103
35.44515871042285
38.14023536647949
39.411503639371524
41.418013870774494
44.4057818156236
45.339116896633065
41.89391998828991
34.93055832399206
27.440341748734323
21.02385652713663
14.723264425426297
7.604268480012042
-0.16240410544524764
-6.972167659720933
-10.137143529556381
-9.438694584939594
-7.928987794671534
-8.241562665296382
-11.019746001174259
-14.642580895840638
-15.868436657351346
-14.057627881754591
-12.1672345533664
-12.664519637512736
-15.875502096871926
-19.88401246506723
-21.226347892216097
-19.141880745755763
-16.588761899691228
-16.116702235566706
-18.137978758873977
-21.236719237209485
-22.908890676653797
-22.2776187917857
-20.711377804316353
-19.292913475309625
-17.76110797449794
-14.303447354996687
-6.292804189403094
6.134994850268466
19.590213688288273
31.087059990749854
39.33416670529258
43.566504184159356
43.1873906300764
38.81688254321395
33.43268682852691
30.900817682771866
31.597867156069228
31.63730007843365
27.399187586982176
18.662682736044914
7.739993621916071
-2.9087465029427033
-11.797604305576712
-18.539957378826397
-23.611617895133275
-27.28610971787898
-29.314043864359615
-29.693031706285662
-28.888204908319693
-27.576048236634556
-26.408337525204423
-25.65813287257562
-25.205104263852252
-24.886823047903924
-24.64150938040165
-24.282382243007568
-23.44359252188821
-22.131221858297753
-20.86195366808169
-20.061016422981844
-19.800097411222886
-19.04483888647077
-15.755268893777547
-10.030149978547673
-4.731492595712485
-2.0737709291435253
-2.2709991565135814
-3.4098091001098227
-2.136591777178227
2.503827933642492
8.28384219035068
13.514754622432456
18.297489231509505
22.80621514780725
26.411252644597177
28.9836469905558
31.371633507245864
33.914467420344835
36.01298364529034
37.47588103144476
40.167516932084276
46.03727556228595
52.75228386503542
55.22881850134338
50.78880196671318
40.86890352093478
29.371122292216768
18.87009138141624
9.234987567794988
-0.013014404827305981
-8.621768910952845
-14.416909802509196
-13.543923274445298
-6.4898460466334
0.7378076051223963
3.262071208643947
0.047710971298453586
-7.536912963672214
-16.99815346538367
-26.118961762524773
-33.65155758572755
-39.04268060284473
-42.1670628206304
-43.21422568400305
-42.544134418966465
-40.67508064928582
-38.22447401738698
-35.69894862771292
-33.376466852332236
-30.095778516465227
-23.29291855295543
-13.327352316108348
-4.278938915373132
0.9218789349326109
2.3979957817389295
2.7340718615478785
5.6419756308546365
12.296810515855007
20.62025421904398
28.430444061325833
34.636463272621185
39.76478744965247
45.81819492767645
52.369543536965146
56.85980990503545
58.91451524160165
58.21306776385977
53.25285164902509
44.66918357927419
33.97192851353894
21.526926004546056
7.9442083192911
-5.4443704172195275
-17.051638665893893
-25.415026510202594
-30.218800573876308
-32.460559611752714
-33.345895979333974
-33.69390539688289
-32.29478345725107
-25.91414528553379
-15.198151003331633
-5.90334207634354
-2.4510499598598283
-5.392516358505462
-11.377694722901456
-14.455815574107845
-12.904093076248795
-10.898444253370165
-12.109924499245777
-17.033120662698796
-24.578475568996932
-33.196995769917706
-41.16656738477421
-46.88599188390681
-49.48514479476758
-48.921504937438435
-44.64897008047788
-35.32277822743075
-21.990896362302685
-8.459592504397634
2.642586849881578
11.10971219490353
17.491349560959144
22.025173131077956
25.115636760589386
27.540649859187205
29.576356836522887
30.809553013595405
30.412202353832228
28.65854491997654
28.01865460570116
29.372945253642733
30.05147233726551
27.618029962002566
23.195738816380157
20.627765960599117
20.850907650237374
20.358621131906673
16.314139444031117
8.628715643428535
-0.9851190099764899
-9.994651077256034
-16.928110491147024
-21.96747487495969
-25.67763316343176
-28.369952467679287
-28.83835310768384
-24.362923638848873
-15.59779140311684
-7.537067478520958
-4.061616330931987
-5.786090625184281
-10.904905135931937
-16.30505294156696
-20.243290865576675
-23.164542326947362
-25.752840684788698
-28.040658200151945
-28.734381619699487
-25.43167084459665
-18.34923417650594
-11.00367252358331
-6.048810535005231
-3.5877083033089896
-0.7085827250500731
7.393158284362412
21.137341602007588
35.40863060186539
45.81036488521749
51.0233779848889
50.76396175471396
44.90835737915355
35.00650325559239
25.392916199213047
20.765600011478547
21.496852869976273
24.91010344516649
30.16051490324018
35.63687106723445
37.113302243697596
32.12791288682948
21.47836769445599
7.838323539594178
-5.486753280823441
-16.34643406596958
-24.350791378219174
-29.833270760614944
-33.21883685406255
-34.50576785744567
-33.166618230219946
-29.780849885965676
-26.376112445877148
-24.542841242727008
-24.64366003193956
-25.417657104610242
-24.381646552590396
-21.105450568988463
-17.97015626000058
-16.948535410822053
-18.308600663468074
-19.823265326006855
-17.29734518164952
-10.329462362617985
-3.5714040123481503
-0.7936877398546631
-2.4695410233233472
-7.256888009710162
-13.188540534848054
-18.244503833328704
-20.595028261844746
-18.953090730724327
-12.877485067050984
-3.689034309919332
5.561800864639834
13.162357896836857
19.816619041511416
26.04969829061187
31.2466385894853
34.3535957833334
35.56948404606735
37.2333596108752
39.99690545522839
41.11229927954784
38.282081613758606
32.599478878111796
27.61337304080676
24.636116462446108
21.35704373615386
15.811327650796223
8.026758850947086
-0.8821155191723768
-9.438177835700108
-16.544258169980658
-21.788577703930716
-25.211108337218505
-27.09470798460887
-26.408690862686463
-20.631025439019766
-10.64770300008107
-1.6943725537393632
2.2163800070823427
0.4771440969526921
-4.572756355952276
-8.799254989835465
-10.505073955388564
-11.557896056912776
-13.74904699864802
-17.236916719613493
-20.91459269964137
-22.996945631809997
-22.878151513515267
-21.51821248211515
-19.697234420470565
-17.276847269947282
-13.74003009811121
-8.7583101570743
-2.2651478339349786
5.71116722803969
14.848162904809344
24.29448006787969
32.85183951994209
39.38877231013417
43.07606807259399
44.58616086165539
46.24586832579968
48.20680534322687
49.018087571046465
49.730751700331844
50.265197250312255
47.173226026014014
38.40240948918027
24.978334334239616
9.598981397375429
-4.560448780860014
-15.583823079277074
-23.355350271621678
-28.457391619279345
-31.491919581551166
-31.740918777749712
-27.083409402775594
-18.442950891984594
-10.62408186225747
-7.293761154551685
-9.038254766838701
-14.09613192574743
-19.387147335355017
-23.226454476509556
-26.162598820485194
-28.954298305992157
-31.66050832421452
-33.243495684169304
-31.781138230923496
-27.347121174688304
-22.611425343565838
-19.74325241038043
-19.11215579406321
-18.730271030296514
-14.871598671627737
-6.896680802943008
1.8013724164689613
8.664064507005445
13.649108685534975
18.463428075308332
25.47485685865323
34.5296766578406
42.51858583436872
46.713187531617166
46.24547113930103
42.12691332023282
37.86247155306478
37.03041468889342
38.60935052028773
38.147906169351955
32.88756903440841
24.286708202054704
16.671270306847163
11.748756829302186
7.0011928439492195
0.20457193723441947
-8.69413409710606
-18.513900663189602
-27.588063199086708
-34.74794751243175
-39.740220666736754
-42.78128752835189
-44.221880034640655
-44.64291382623345
-44.76029078855992
-44.828830028459365
-44.5688876679053
-43.773331525569596
-42.507424678732455
-39.104907122616595
-30.008606948060752
-16.070745802958463
-3.750664855956529
2.0194252755605966
0.6367309356364004
-4.018091331970888
-5.079507816354335
-0.6811916528935607
4.233644430509427
5.614483934196754
3.463128999276347
-0.3425398951884133
-3.798669225148144
-5.094052917699648
-2.7033872310899634
3.7878851163206133
13.338648274675947
24.767600731569644
37.55856375875752
49.6761325786769
58.400344575339346
63.57054068061348
64.93389327055577
59.99086848555713
47.37031173870601
29.20607055598507
9.744088942323568
-7.388989815125996
-20.320255290946616
-27.609207060375443
-27.73926505018005
-22.11231379374262
-15.39597510184321
-11.407887383350722
-11.386988910535688
-13.64315460777922
-14.326461482046305
-12.365324062262141
-10.774822890954177
-12.102922810247403
-16.540075810897513
-21.871731452201484
-24.288059471667683
-22.88517936311286
-20.72718242248974
-20.51495848270124
-22.771345734168666
-25.336805179701543
-24.06876386762687
-18.419203779621895
-12.680444418362546
-10.37556903864781
-11.943051332842176
-15.947135245136886
-20.199036330011715
-22.859311116924125
-22.738546348618208
-18.99515535660871
-11.252208996164256
-0.0917249809888343
12.857774266593493
25.693825815149967
36.87283296780896
45.12076434665535
49.49508707189576
50.66959657137418
52.16848304767257
56.84489366812962
62.04701652513686
62.35538869296795
55.22368658806733
41.707024370111576
24.645330780878624
7.188908332031296
-8.18996415224683
-20.062956550051698
-28.00918402129946
-31.045361640050377
-27.235541406852363
-18.01968183519712
-8.94644086175028
-4.373662451383487
-5.3225924403236125
-10.388097556349853
-16.841245132179395
-22.753703256975484
-27.77766459069562
-31.946150296359853
-35.1149480621135
-35.82307295937445
-31.31173128475313
-22.208777105748325
-13.424953983518941
-8.844436272815
-9.170987605138162
-12.305813186705931
-14.437532962602406
-14.046911063196495
-12.886604522122667
-12.381777267623113
-12.131369467460562
-10.746948660690034
-6.816987088231456
0.06859457007902137
9.285114733310541
19.826486890616223
30.453479946476943
39.86389270899172
47.06849026571775
51.223929309505905
52.72158552090726
53.73163497032025
54.498072348951
53.55976878893591
51.78540748135528
49.41657544167298
43.877070531187755
33.70290275871026
19.96074573326199
4.357118898884618
-11.779702841302878
-26.57879911743418
-37.64780208110682
-43.78860894762998
-45.41225170348043
-42.62964962892993
-34.59195189131614
-23.052234572921463
-12.944747770387666
-7.87510947559133
-8.394168775569561
-13.298425845209735
-20.681336095871174
-28.495970505257617
-35.00292755334159
-39.20646091548075
-40.903817774633204
-39.793627196048
-35.171573039218
-27.925361090578818
-20.826549947902823
-15.963353909044239
-13.718734558690937
-12.411394513024218
-8.857155681391973
-2.1874834628153366
5.385204161185628
12.285542434056742
18.737007173889594
25.368017506817843
32.31116188870241
39.106474798696034
44.97579530821938
49.01503509038907
50.4462201808849
48.71415430431262
44.74534180057524
41.5821246460272
40.37028099487544
38.57102814406863
33.85475217828424
26.54611952350471
18.77073480229441
11.817556119627415
5.162262970272421
-1.753997348369884
-8.745392447839752
-14.548987979962652
-17.083606381267465
-16.309226206598126
-14.843382592982126
-14.936636692212192
-17.176614447904544
-21.131281153887162
-25.894589013915393
-30.505905970450517
-34.23234078834303
-36.697068631277574
-37.851164693761845
-37.883154785782914
-37.108825076073174
-35.81140450589505
-34.17651829836157
-32.34897000307847
-30.437748308982165
-27.255324919824144
-20.299430770010645
-10.021535263740832
-0.5606531173461953
5.16340662027441
7.330418543626179
9.2112829531384
15.807840331160637
27.978281510826317
41.3319299720185
51.86887118483376
58.13612008480391
60.01568635061536
58.07680807913772
53.203859048731125
47.42576177462827
43.80279627859718
42.58644625829791
39.94848858955942
32.26783124450934
19.722922869293782
5.480116919410079
-7.3921805559086415
-17.312919380051692
-22.37228237327443
-19.867356951181264
-11.124108552182326
-2.2554183453390233
1.8585216702231544
0.03575402076268297
-6.189496140465909
-13.794195540102859
-20.689083426839822
