30.99992007209501
30.982321106644534
30.87754411416374
31.83468696817384
36.32104986108685
43.81098645745675
49.95974435869954
51.47894851413166
48.02469410110465
42.38875404701718
39.51123438221442
40.686076796043096
42.19448901528908
40.87538483975196
36.442367845079545
30.203637362138274
23.98952825146764
19.46168864757595
17.94489532754502
20.390152872874836
27.123412977969316
38.17162481968018
53.24772662219574
69.99253050106918
84.15973938560224
92.47515556528869
93.8418584978563
89.98746786344903
86.01868413359408
85.8312909778467
86.9312642306287
83.80651302890288
73.88601909520396
58.7156816921588
42.127387852086514
26.955603065959103
13.71689243473341
2.292077955119616
-7.196005425948087
-13.130585511771478
-12.468318414393437
-5.988965191777368
0.7165917912426769
3.1661080098883128
0.3773364484057504
-6.1856219390513525
-13.76488106764089
-20.431101480553934
-25.882550080032452
-30.263407452652242
-33.56084546463921
-35.618745332539625
-36.174982990732815
-35.37222820348203
-33.89075818811942
-32.36967518320103
-31.073254109427808
-28.208051290710557
-20.036049703369983
-7.049915016011587
4.910857107961386
11.571208647436348
12.900162763740886
12.60803012770962
16.37920744591347
25.720880162090115
36.732562054200905
45.698160631098816
51.21882164427622
52.762721555342374
50.12017081277833
44.080347080838195
37.45446683690993
33.89690165116403
33.67719276711553
33.494333740597256
30.992059173950246
25.70244790473983
17.75992383191675
7.947908820583541
-2.472243301791371
-10.768401754579562
-12.966750324781867
-9.161849771099464
-4.53538632935308
-3.4436577677684705
-6.939435589316556
-13.744132737487416
-21.35005256296879
-27.982679084377548
-33.33428446803078
-37.51357352107544
-40.51358042918693
-40.65066397400125
-34.55694207291148
-23.056363974888143
-12.27150042861517
-7.00920958153138
-8.133703932966165
-13.904186678382198
-21.307886261690776
-28.04928138710227
-33.32296422704189
-36.88305198766702
-38.50730944959385
-37.45874659407644
-32.52720104741567
-24.06610957641506
-14.150798367809239
-4.164612430633147
5.815806312549714
15.658334089751426
24.47701289056746
31.67766727071548
37.45811034804975
41.80240447776383
44.20161171294721
44.93590936746373
46.55925646885649
51.415329606905956
57.12859377898321
58.53096799226128
52.955433028657524
42.728183937308074
33.546344174068324
27.723498033393735
22.223110489194692
14.300760504578367
3.877438633068298
-7.973097802412088
-19.986921248690226
-30.70269936040728
-38.690374509218316
-43.32040198743065
-44.875001385844065
-44.14360711707804
-42.056296615362626
-39.407617024863825
-36.75855233543346
-34.450749221505035
-32.64228590760455
-29.481847369249728
-21.079865278435054
-7.9936239186247136
3.4559274997006515
8.372800537897543
6.168621727177873
-0.8985310355481051
-9.255616514610713
-16.34663895123531
-21.38574171805496
-24.00828954437684
-23.607577825236618
-19.321800514523545
-10.456340067682953
2.1569689207467633
16.26509007168974
29.806885535208046
41.36265305790571
50.690478184650146
58.82093897311957
65.28256938165634
68.59706736470662
69.41986522812336
67.87581169673426
62.719958536148575
54.8547358766768
45.51148158644433
34.1780739640422
20.81473908923108
6.638322972875361
-5.317217533882825
-10.707977386543131
-9.34010103178155
-6.2598965273364175
-5.842316646337899
-9.282234126869241
-15.263417071457697
-20.99128587621385
-25.05125557299034
-28.293777914060037
-31.666132490311956
-35.243267724549725
-36.73452960885968
-31.745761977592846
-20.717094596865934
-10.298665721189955
-5.773524741537228
-8.0402579190831
-14.640646920173948
-21.213874520686026
-25.45887212270354
-28.327683495741926
-30.98654924423861
-33.444877783686984
-33.85212668503603
-28.91586413229537
-18.618303914596623
-6.998101112082429
2.9315810619057174
10.880321814920972
17.004646933607788
20.721467277143812
22.334768189890347
23.5087499922832
25.17937211628797
26.927180009222894
27.243365365489097
25.27500599803096
23.301745756613286
23.240778208383574
23.28504376578838
21.127331431398645
16.240713099529017
9.271773125223516
1.3825196536383366
-6.312871797621478
-13.027434216197232
-18.354346191020177
-22.386365128614454
-25.605964042216563
-28.16652741420322
-29.737918779079347
-30.16997258584287
-29.70004658721076
-28.34427383987257
-25.70038295471324
-22.126659162894626
-19.007232082382203
-17.38231663975675
-17.394359283771042
-17.792754320520814
-16.225611645791787
-12.40382583900445
-8.80219294486507
-7.439863207291939
-8.56668355632748
-11.346696020496283
-14.488620024054587
-16.95088311555766
-18.15738469533258
-17.663135244346805
-14.965708126310028
-9.991035759322925
-3.42241999362615
4.356337467654111
13.749366241719008
24.778240807016672
36.44818599366552
48.37246676923501
61.43403520831805
74.06998087827526
82.75388928366193
86.70985329440947
85.79871739589208
79.72625910516464
71.19219339080205
62.0600827670404
50.74458547100659
36.25423877264185
19.76683716141268
3.4491718722141513
-10.447423171016958
-20.7319261385191
-27.58321561850435
-31.745143705445322
-33.99463120561318
-33.19493918587669
-26.142536542938355
-13.899632132925062
-3.062075774759089
1.3210067240489156
-1.4758199626304247
-8.43744046312614
-14.25997419769535
-16.74843911448823
-18.299301221094915
-21.272814373934114
-25.978753250809802
-31.32787742079286
-35.535444432927086
-37.73347019292879
-38.44083112175837
-38.3231803500249
-37.57974157227136
-34.582527059559396
-26.02316561609055
-12.272216099089876
1.7426258718500929
12.45027382286808
19.618019088640544
24.243550990095876
27.152698831264846
29.00333923055581
30.39486216841711
31.379932596795854
31.483180165243347
30.309272176512554
28.99867813005571
29.948833924760407
32.74735457083199
33.68799709299172
30.146313892082738
22.685766499909967
13.922744219777563
5.657597768139311
-2.237598227092864
-10.077015244160037
-17.58478832668216
-24.22725093286701
-29.424775337972143
-32.941150525137424
-35.01867479193603
-36.07088595298584
-36.470301948126675
-35.58134658213143
-31.69609348731676
-25.23702333435815
-19.423245241038774
-16.732847082315317
-17.519528054079277
-19.067625655382727
-16.254148804747118
-8.490241332542631
-1.2772750535283368
0.8889439992547814
-2.568826652938715
-8.602597411057697
-11.918263156036655
-10.813706510547703
-8.535144709685678
-7.815228310725605
-8.576173027149588
-9.419183188141508
-8.943014355635693
-6.170024606906358
-0.5498156532756737
7.734807587126106
17.593369482632788
28.063942212322697
38.925184366178705
48.672427208278485
55.30819319243803
59.18039562511285
60.18696780094211
57.23743090814551
51.75316916572741
44.94176160693519
35.53235470033546
22.940662182663548
8.42031157746116
-6.524083599743015
-20.921583031296084
-33.43778682204574
-42.30602530778845
-46.7427575796492
-47.28491829749459
-45.03425033346712
-41.098998211024984
-36.620060682304704
-32.74950645222579
-30.214435796266137
-29.138199821857885
-28.706626437389136
-27.37731680447539
-24.83993468816279
-22.484970076421767
-21.472764281584112
-21.931127393302162
-21.448474902984668
-15.391642843263707
-3.9217254327257134
6.594699631262348
11.151605162516988
9.147290795334575
4.3588921856756
3.4093440279639955
8.36006338575796
15.062469608499168
20.093115167073673
23.300410067773505
25.841079430413867
28.77315106237471
32.27760971419312
35.70849158269918
38.11542869344001
38.64643780507237
37.06566433153841
35.035636036339305
35.26077712496879
37.23971836737285
37.18027674391846
32.53646765555277
24.4442199809885
16.51157246967632
10.45260652058189
4.700939671622805
-2.2179912888852424
-10.255312007081749
-17.622917722696087
-21.30216201486634
-20.888653234817873
-19.46622007256252
-19.729450119076972
-22.335647035549474
-26.387437557894515
-30.111281112537363
-32.590708530292126
-34.291141652683166
-35.774345080315456
-37.13849595479354
-38.273557806554564
-38.99242783630274
-39.137190513562814
-38.670910975459776
-37.66017211159681
-36.19418574996828
-33.22447804838728
-26.53150363181838
-16.580254974042443
-7.192641701336639
-1.0961559020510858
1.8224723806073513
4.505680450062767
11.445059683708745
23.40491295999235
36.45314027968889
46.98317887100433
53.615484023978766
57.35126015890484
61.07399462941807
65.04221216023504
66.96214982014142
66.62006448019697
63.862492676276055
56.84446636723709
45.344232706534854
30.98701222861978
15.520445386229213
0.5798823507096635
-12.455907577230224
-22.004373416389072
-26.295365996245213
-25.80166465515437
-23.590551421565365
-22.34543156137776
-23.068066436618643
-25.46942850797136
-28.48062481530524
-31.27326770905788
-33.68267106983037
-35.70596177972827
-37.265758830611766
-37.15022239861354
-32.98848926260115
-25.249099083205216
-18.02062173170461
-14.507896545731164
-15.243099293221253
-19.00740582828164
-23.725971402743205
-27.816337264380167
-30.733704120020775
-32.345956242086565
-32.527635684839
-29.96957426596869
-22.217070732543377
-9.779330579386857
3.301939355729724
14.132756047984262
22.468246552495287
28.47460362630173
31.568555018888006
32.17111314456329
32.189994736014334
32.77759796826788
34.73442051251379
39.85708426174251
47.84796366558147
54.49223280584722
55.571220086972296
49.9289868389795
38.88971200742426
24.635678901896206
9.208683042584699
-5.233174153745253
-16.590019232877896
-23.858784603740443
-27.30155295985417
-28.048812932976993
-27.61057673234211
-26.931147738698005
-26.15346516066823
-25.29500312251053
-24.499056222436366
-22.20207257842725
-15.030496149842563
-3.608253243994991
6.290136564877102
10.219046829090425
7.622565414300624
1.5875229705078517
-2.487181647224512
-2.7673501379695185
-2.455945841930133
-4.446779861668634
-9.076340335753766
-15.238426161000772
-21.301228377815136
-25.972277352081374
-28.575337246893895
-28.70180789199651
-25.962751022498196
-18.954050829120117
-5.548080326856024
13.069284396026756
31.971904482901877
47.10142526646475
56.88627383717953
61.455248751369915
62.05438939319218
59.64069865943179
55.463003893071466
52.057648777746756
49.81646808459834
46.24509691563203
40.03373609478063
31.48101529981583
20.992857323184296
9.353679053419977
-2.2528697801928743
-12.553552349151492
-20.440005870755925
-25.597236749257092
-28.61069935320662
-30.292612701540225
-31.281382023004245
-31.437560196519854
-29.804624650912096
-26.62537450349085
-23.84015470943129
-22.949596143657793
-24.14181197559237
-24.89566445206779
-20.385434064397344
-10.54992956173922
-1.5759650280698025
1.5847155813163258
-1.786448925372481
-8.642865634257559
-13.601391324697861
-14.664067247965455
-14.685183778060294
-16.293686019593974
-19.73408598385971
-22.681473369780395
-21.085192028963647
-14.185906582956157
-5.469599494308785
2.3431473743768683
9.00170797034177
14.60047875504532
18.497173625725644
20.765688523102558
22.648387905113143
24.744471337793588
26.512838354762884
27.521791690666838
29.153258687803245
33.45982323549389
38.94226194940933
41.12693953740482
37.342875166523456
28.96003509230011
19.99126461226745
12.576991611302287
5.492992382990133
-2.5320037241448503
-11.368405356455646
-19.625140285071854
-25.13981306433391
-27.42814946279959
-28.28604070090427
-29.42424063367205
-31.400583066939248
-32.38049217129864
-28.452755888920528
-19.74175303100848
-11.719967001357176
-8.738978114595911
-11.427893539058795
-18.26982852372367
-26.89378593298138
-35.11420108949046
-41.497880103638444
-45.37476560826814
-46.65733426105204
-44.73674804618376
-38.28279196161082
-28.28325224921828
-18.4422869073203
-11.36068310524822
-7.040413012246351
-3.9341762052656613
-0.1898245908617291
5.267335002073056
12.594529634762349
21.377257248205503
30.661415146528654
39.523969295053355
47.55113780044161
53.682497728709414
57.138451516205016
59.16283495359584
59.79496634780499
56.234033970802166
46.591444227102244
32.163030729135926
16.148840069150896
1.462310055430038
-10.222865194849202
-18.10279051370709
-21.929280335949702
-22.446877298124104
-21.312866590583447
-20.05096912103587
-19.515308584157363
-18.743310562020323
-15.073863184593556
-8.633514819089221
-3.3524723989823837
-2.253234102359805
-5.583406691136331
-11.387755713234416
-16.463960748713788
-19.327560770679085
-21.06292852161542
-22.894943780179016
-25.093441947630723
-25.96158026600329
-22.113304658538674
-13.749580114089152
-5.720225240281234
-1.847775095589549
-2.6461242035921018
-5.683888234651343
-6.73822437204427
-4.091238383328909
0.5079119522266149
5.616422004625265
11.34646073255492
19.176324396209743
31.189061767015517
46.17634550124234
59.22163827395975
66.2797290395394
66.12991934502824
59.349647112579035
48.62374913370843
38.64398166138494
31.724491422311505
25.95194470300959
19.14425462785545
12.350599950815159
9.157449218926146
9.97482034550725
10.585824461740918
7.597501226739668
0.6362983206255173
-8.77449757025594
-18.25446946992672
-26.171582649235145
-32.25054623304393
-36.710496679343564
-39.75131862710173
-39.98316458897893
-34.36679190862706
-23.747037337375943
-13.924931639696906
-9.424971442246479
-11.01186976398088
-16.406954843512644
-21.567267541745668
-24.543101519309825
-26.574883379543024
-29.00834914620489
-31.9349636824646
-34.22333474516894
-33.98830411395404
-30.969831824263167
-26.95615420829442
-23.28314630774019
-19.794729551729624
-14.38939155049426
-3.8370614108530425
11.647726763865991
27.720607702818576
40.62772816531413
48.92470941314049
52.35073581448098
51.29521995242878
46.704406068790945
40.93280177525005
37.351494687939514
36.37858223839142
35.55872456784661
33.93664567673355
31.12253661355007
25.619750089716618
16.86430290983707
5.855268756554857
-5.779191868935701
-16.40184581434648
-24.876328274407534
-30.79911735822418
-34.33886947381431
-35.98038739525022
-34.63978037856546
-27.46198693681237
-15.540921338489467
-5.015586097415481
-0.5679016278332938
-2.868128136426634
-8.442929953370136
-11.021131871502284
-8.82205721114498
-6.33748179684978
-7.480652725920542
-12.740045141778362
-19.64429022676967
-23.94758805602411
-24.28197481626333
-23.28991820228659
-23.389336338559197
-24.951117343855632
-25.558617376566097
-20.72394905724301
-10.014777495415716
1.7875652381010223
11.001531480105783
17.28341352808536
21.151920360915383
22.57539393342216
22.2249762384515
21.830805042405782
22.312856740436878
23.251922167958334
23.565724502936597
23.265120768917985
24.411148959826363
27.322954316796856
28.918621641639255
26.64637461051671
20.3545025266385
11.2888498912653
1.1745888028165314
-8.44036079509602
-16.502495001061178
-22.533569820118235
-25.349158222626027
-22.827578766447804
-15.84787557231603
-8.990293202414593
-5.871637724275557
-7.2731227458802366
-11.717080828126582
-16.389078037811572
-19.75949925594627
-22.41971065018323
-25.1360480990721
-27.96054017929339
-30.628044091473413
-32.818642083217206
-34.24218709356791
-34.698890211903745
-34.176485551130526
-32.82499144644066
-29.088531408440716
-19.600657950367356
-5.210377342269075
7.966870046249154
15.47865133592246
17.22877551007322
16.810302014470743
19.68438552272097
27.523871286891264
37.05688598221021
45.03583191486894
50.14959365681611
52.622754692925824
53.82348403836636
54.04062429522588
52.984944579455764
51.950971900550385
50.86901400874719
46.6951493734717
37.2250917155063
23.432383697582164
8.23987766692439
-5.632880237166713
-16.61481043699413
-23.4361681741872
-24.826307159994037
-21.7128302291731
-17.47456550013011
-14.935923718168397
-15.098824060193007
-16.926582372694043
-17.844354075589564
-17.073318601858794
-16.56807343891792
-17.973493739603725
-21.35425574325191
-26.006923145281082
-31.02647936713095
-35.47210500784561
-38.546855457409244
-39.89764077292946
-39.62973914794287
-38.23762479407045
-36.4363068989753
-34.57457314302489
-32.463030878031134
-29.867689691204873
-26.71759338488456
-22.633424454799876
-16.875052403205046
-9.4878150161356
-1.37196161418961
7.060662395173409
16.06215813891629
24.982212633325368
31.80850731525755
35.92844745899052
38.961573314346154
42.010222732059205
44.71634912057974
46.1619515014265
46.647092031774605
48.26334094390834
51.04905852907727
51.773789620987785
48.01192948836657
41.412562887924594
36.632600929136174
35.00377357910848
32.811807176757966
26.993122394569227
17.46301499619881
6.460450900280376
-2.5005324441489076
-8.032114539013644
-11.786497769420873
-15.517519738904426
-19.729464616300397
-23.349328296701348
-24.131810413889117
-21.933141525155808
-19.43517594726814
-18.85998471626863
-20.64225694256829
-23.082894897624065
-22.902134579832477
-19.523911122490716
-16.096788950547573
-15.254870728152305
-17.33943818628874
-21.397577932023566
-26.025075472464636
-29.945492999468357
-32.212843393438725
-32.13071677863942
-29.153085774791556
-21.910133138855667
-8.459528080016497
9.973333060632775
28.6304782283473
43.57649616722077
53.2390035325647
58.33067239876857
61.345158700092384
62.986351019304635
62.31951026661888
60.212891718716584
56.866453657721195
51.21102076833105
44.460536959197
37.48808255555027
28.64050131873818
16.95802028865233
3.382759287642145
-8.957977169580857
-15.486686923927142
-15.622766716686847
-13.93102321426337
-14.46228283265535
-18.32779956865683
-23.200275831423852
-24.240986333325836
-20.612201525752813
-17.032173257592213
-17.44225126518468
-22.385139835178695
-29.147307939346764
-32.92023680744837
-32.31919012652574
-30.7302087096363
-31.190077022313467
-34.25181050976158
-38.49491838375211
-41.348028407389904
-41.81546477093633
-41.19269763068526
-40.72167535144462
-40.55348449080425
-40.449178095212346
-40.21089174606236
-39.140345591395395
-35.85678714324298
-29.19265678135848
-18.835990252263464
-5.621764787114818
8.559546631736874
21.760637817078134
32.63733976072914
40.195128791288575
44.87099703500803
49.576760039768715
55.96615581641861
60.973057188206916
60.24268587653191
52.373475420145645
38.849490207574405
24.04240017166247
14.076349166227441
10.530377728253026
9.054863653841203
5.634613519590399
-0.7330688136124337
-9.071800199255618
-17.4110268566125
-24.38298448621763
-29.84487163548864
-34.02824357678161
-37.06867439575941
-38.293882125740616
-36.199883778955126
-31.20952856482177
-26.241428592538053
-23.61463624877805
-23.7885005157243
-26.22754923233352
-30.040612440222517
-34.09915810562721
-37.24826763531041
-38.778726125273245
-38.53648371240992
-35.5015228639658
-27.58332789122318
-15.72195660411361
-4.498896585444944
2.840119723487561
6.296908451677201
7.191258751177477
6.691575030214651
6.480141151644349
8.865963692236257
14.999108865948786
24.13454656906275
34.35947789968541
43.517446271506024
49.883173294069735
53.561339886961306
56.59830547782503
59.08494224926616
59.738178904075276
59.94428305001017
59.85024472261878
56.01363550765311
46.364841240247024
31.974161492206058
16.793882434492172
6.499806626612962
2.6251723909134093
1.1858038372447162
-1.610785128956298
-6.857743079805468
-13.493127990769075
-19.15430066689776
-22.78329160385099
-25.415644937039666
-28.14520114436835
-31.213528879438826
-34.45410130668111
-37.56206322169109
-40.10683057850804
-41.64372924763062
-41.98297152938034
-41.236552160772995
-37.97842744008837
