43.99988655394132
43.97352049232039
43.81644955101227
43.364961856569195
42.494815876598906
42.70008052077634
47.14770069544551
55.41655542714849
62.411691518044094
64.16611812190554
60.169116398776794
52.22922014402178
43.26215214270586
35.32118119002958
28.881300703478924
23.89481871677485
20.36529072417165
19.958356377224877
26.015454853952434
37.65755100799321
48.7335034201746
54.59605786700254
54.83648922251827
52.57940304452067
52.78173149102703
57.366586606116826
64.16514765776233
70.93444145245377
76.76983045466068
81.898272291339
87.39285378082988
92.62391717554317
94.82788526360625
93.16462617133764
89.9319728123773
86.55366614789344
82.17831543447076
75.42777212708008
65.27414882409408
51.95321300440983
36.99468399376152
23.69167750643257
16.563063361292784
16.029889321862115
17.34580492499543
16.316474058627424
11.750425448275168
4.040620923571618
-5.807128815061535
-16.066250251372225
-24.644841735696538
-30.25991412332347
-32.76348061197922
-32.038929220134364
-27.565949188828565
-20.45429364835899
-13.739024077030045
-9.702790386478094
-8.837559251756696
-9.069414266635475
-6.3195032893382415
-0.033633235763455005
5.600597481250473
7.259542719030331
4.706027201654239
-0.1197880065102388
-4.19641940604431
-5.829758378474427
-5.199918884783488
-2.482041799442948
2.7442432780443227
12.045116566942779
27.587974496111567
47.57295803710655
65.83429648025155
77.34492622863544
80.43493425892298
75.257145286235
64.005205595344
51.75010959356595
42.156560234791726
34.41944603744141
26.71662601940589
20.053192218976555
17.826793398705455
20.015680157642183
21.764641641176457
19.2096674034136
11.840175070212016
1.863622898482073
-6.935374584120384
-12.86187243970081
-17.35961932179518
-22.001563801535767
-27.117711297209702
-31.98774865876526
-35.25437651378114
-36.52063005894221
-36.78910704519969
-37.052252363506796
-37.65125853891352
-36.646088503213555
-29.95345812731686
-18.02903139582514
-7.237411685559664
-2.5656040213226525
-4.701187146039766
-10.403151346655362
-13.996599949241084
-13.473021223723606
-11.968539536463679
-12.208844155387967
-14.147648514241391
-14.67982711062535
-8.838406706329849
3.8973097658790525
18.467925686530013
30.486894629080624
38.51810421395843
41.696782947488316
38.86118242642406
31.055729004276806
21.866646341197605
15.216488657300312
14.169848734275458
17.966511590823167
21.996055384361764
22.627429798262575
19.037066312544148
11.988875418311004
2.926265310058694
-4.996215878315394
-7.214505671568814
-3.4870393723008277
0.9569356072390436
1.690272570554126
-2.2988524347009696
-8.614375075718744
-12.548504881687276
-12.726583331947667
-12.558055028846523
-15.018727566090048
-20.452020215878807
-26.637438247591955
-29.698195324026297
-28.70638944679813
-26.785054422204396
-26.722650252080005
-29.10532304522513
-31.234712642554165
-27.833654951451138
-18.585875194834642
-9.727997824941236
-6.247899089988202
-8.783690980472953
-15.357218615066639
-22.87692614758067
-28.815157478960877
-31.78022367114749
-30.867873002665714
-25.48321690556054
-16.196390759720934
-5.019433922423584
6.344481728901409
17.36009512053533
27.375116155301658
35.19639646377364
39.96517365263844
42.76132610736279
46.061357147225685
49.53336806681685
49.74134833015353
44.5346887474757
36.00661563033382
29.261019262924
25.995071868532296
22.719301302333776
16.43161109210923
6.973408976105457
-3.900995200820361
-13.526960443906187
-20.50693443483611
-25.38362514802745
-29.060727733189946
-31.99887841488758
-33.518413094769066
-31.879399092707047
-27.385122349561442
-23.044800710052762
-21.233745531101704
-22.359720393479606
-25.156327469976205
-27.33367674581686
-27.92739772743413
-27.956106349099926
-28.44279110610387
-29.53671383721899
-30.243157377660665
-28.71636260203016
-24.75592894687187
-20.314904183260833
-16.883879778604843
-14.376357721987015
-10.78908431691795
-2.973748513921711
9.338952055671033
22.899543925878266
34.892285576996926
44.22917819430903
50.603554127953046
54.08721833012799
54.79278796066579
52.75326746981879
49.266698247302315
47.07201947179528
46.289703058521106
43.58006926667797
36.861146875019564
26.893001928283415
15.423453496923866
4.108858890252311
-4.208266658453255
-5.545328870258924
-0.3059710245916598
5.710096284866806
7.677001348501031
4.398102725519887
-1.579772604309299
-5.118116107544286
-4.712904871009187
-4.116476447520143
-6.606083336751201
-12.562353460704507
-20.62774946423072
-28.73917980682147
-35.39669700280537
-40.138201762126364
-43.00400504958719
-44.20645677324296
-42.191360351696964
-33.483333607102196
-19.157608333853947
-6.050637464295383
0.612561419358201
0.12190665703051451
-5.3723567042350275
-12.460218162656261
-18.396514955564108
-21.713842894129414
-21.426547184574563
-16.83702266204669
-8.708326325666217
0.4525993616910515
9.114067716993851
17.768286546744875
26.538960337440123
34.31191735090412
40.86354411349105
48.75199761702764
59.66100095950098
69.65779963123475
72.62489250818084
66.08585971960814
52.529956254776465
37.31924537766736
23.83947637361963
11.812709391876279
0.46079132661187217
-10.047695208948756
-18.976483876973035
-25.356289561879098
-29.026236524370887
-30.900770237457444
-31.988649018452637
-32.88249848233673
-32.182604389329505
-26.523090672359885
-16.41140080393513
-7.455349367686297
-4.010156641993893
-6.663810705246165
-13.714526065462612
-22.4606774544185
-30.625465804872324
-37.032676800043355
-41.250118132252865
-43.242524059942596
-41.964239322917614
-35.20371419455185
-23.922939088430496
-12.982267491382569
-6.003386243496806
-3.2860084809584507
-1.5579310123670922
4.662123592834654
16.537920660967675
29.623680620846162
40.033521210477254
46.65120217151739
50.37217089662314
53.33712080081188
55.89377586402851
55.913003986372516
52.891063021651256
49.23139811551913
45.16496785099061
37.39277423262246
24.738962665487122
9.80656356011325
-4.371644134718505
-15.962455062859632
-22.57741288960604
-20.9341559254723
-12.235739666749083
-3.0244694049383045
1.4068985367428775
-0.2956607620616589
-5.943435773838637
-11.063093009088373
-13.751142220679066
-16.057104587588437
-19.93090870185331
-25.498377558008755
-30.10978499534499
-28.929974251622788
-21.739729742318637
-14.381164613944744
-11.653901926767794
-14.437539937658498
-20.72269608614633
-26.913935548433475
-31.050845164114836
-33.793258193413095
-36.0412213080719
-37.86052572306811
-38.154866255181986
-34.93829942390222
-28.144725941369146
-20.073377293733287
-12.322507022085762
-4.784783394339215
4.36802107733004
17.775370640114545
34.57344431402636
49.88691740993242
59.596437870270606
62.28806475368832
59.700114413561714
57.22171611129226
58.786635683648555
61.51439227811839
59.56528583674955
50.33366812787645
36.05193523533012
21.8351623386293
10.473057701570038
0.7604446161005107
-8.77054471917836
-18.18959121482116
-27.123928116024878
-35.26307427267501
-42.03184643745583
-46.64140576639168
-48.81006741494784
-48.90317528282201
-47.20496374973226
-43.636299184387944
-38.87904450857737
-34.577497694475085
-31.922683300620392
-31.11474845270499
-30.7905281914083
-28.323861637942592
-23.413475359594642
-18.89525329383796
-17.063035482471353
-18.16763685695524
-20.447155094960884
-20.829522089000825
-18.423025343017695
-15.320649163197
-13.241213873012054
-12.084564745019954
-9.531569811201024
-1.911418731342268
11.005761812257925
25.242695028691582
37.40324537576255
46.29934326911731
52.821252608073955
59.37569611188779
65.89728997729414
69.01544028518688
67.3610219565372
63.30740592866427
58.50406625391793
52.243528590827
43.588946299105345
32.2627852516191
18.9416793896466
5.107638885298346
-7.236410317770321
-15.964740336239423
-20.65327152138937
-22.93250844288559
-24.51021122183601
-26.20532205206743
-26.665963078239688
-22.577961643418014
-14.249010369957428
-6.812646054628953
-4.30005151723074
-7.286483594479273
-14.1260763737717
-22.11874260934685
-29.240191562021213
-34.84751317073158
-38.86804205563704
-41.30020199534405
-41.04567056320487
-35.86274450961936
-26.509054593054245
-17.478872444827374
-12.237665607082299
-11.358722340023272
-12.277213850313975
-10.23207932257701
-3.95684200453036
3.0821194756605728
8.239595787692988
11.727047747953334
15.058960987978544
19.695887465674634
25.83957357743501
32.42482017318675
38.064122063927975
41.57632742823864
42.66328868780475
43.24690265451487
45.896383468295696
49.41518475923528
49.56917035590112
43.919915998235695
32.562006477391165
16.67836588324112
-1.0047441182005237
-16.747984499954946
-28.016912527809453
-34.22157663848824
-34.5819595059191
-27.423072082747467
-14.769718850883983
-3.0286610540868635
2.918266470507442
2.0611205083268214
-2.542505576631614
-5.031206833001757
-3.598677273379155
-2.2440905674134277
-4.436805123875291
-10.484346038784562
-17.28476637500917
-19.41667169279984
-15.869025717725075
-11.552925116301479
-10.676555503961588
-14.005548400510111
-18.955248875227575
-20.74031278591645
-18.089135168827305
-14.590030290502208
-13.237000117690947
-14.116271696527697
-14.161728923910136
-8.387875335965882
3.8595620519316043
17.760170829105018
29.14299875295255
36.68566489568979
40.62340335447086
41.950711546614436
41.25912068269403
38.38529975240626
34.354966355959874
31.81499730251157
30.81546032107608
27.914661515121136
21.065469800629828
11.232705829566704
0.29769627026165324
-10.124800065448515
-17.898256268191574
-20.34872577685803
-17.7744531796952
-14.056250853150688
-12.509963617102937
-14.12863566744705
-17.880015800464264
-21.415915591835827
-23.621180603355356
-25.419109091967883
-27.747077584316582
-30.66459903219618
-32.6217862360322
-30.724417579441997
-25.00583423171971
-19.326005698245467
-16.82638936898087
-18.087512330270105
-21.91169293781178
-26.18091735084559
-29.49839287131823
-31.762054357361272
-33.159171275037274
-33.64441149924781
-32.7326352823993
-29.60353561554949
-24.30181522251829
-17.80801523666989
-10.6173028912043
-2.4245459079508347
7.187956325181657
18.14460325720294
29.534883401676893
39.910603010726646
47.894759042705125
52.50446193266949
54.50307255603124
57.64867251098329
64.5045270905144
71.51168865051767
72.5808097040143
65.0842035944209
50.65693836331154
33.15620118538409
15.999804359140203
0.9160282245462632
-11.307814628313793
-20.339046897227096
-25.461654044141955
-25.4094343189099
-21.13607301531476
-16.26205115481623
-13.701241820494985
-14.290707393511305
-17.304084892307518
-21.09121676643464
-24.51868235914272
-27.514123647849043
-30.19393386958769
-32.45763943958314
-32.26683674038906
-25.666245588797196
-13.343103619803978
-1.9046505983575557
3.4487665000715833
1.8704980611091084
-3.0218269686506805
-4.625747370459594
-1.0751074800204306
2.9378107725294265
3.4870813806850407
0.45966373036788344
-2.97254283123625
-1.9052731996997703
4.969370097986991
14.315471099152505
22.980454812038673
29.75384448224516
33.45644743930413
32.41798353224236
27.03069115607443
20.194478908308117
15.383364991588676
15.513323580032548
19.6231702303417
22.756904448321947
21.571402517915814
16.272430190562325
8.40826566760915
-0.4127255273423014
-7.8540968294129385
-10.974877656646587
-9.673722126505067
-7.331744595345862
-6.90045247877266
-9.229119376792466
-12.024430146452556
-10.461955928055534
-4.074021436846291
1.6600089333972234
2.304435390479136
-2.6925290770550694
-11.782866889529368
-22.6807076471835
-33.09724174598894
-41.24162226406394
-46.20833352738256
-47.96556447504379
-45.42693143913988
-36.08968078206752
-21.468793555103822
-7.997537066662334
-0.5219005071040144
0.21522918058446905
-2.534831219043298
-2.9139968146124673
1.0754894467671043
6.106561747303434
9.530337722074332
11.580317433965458
14.21772475242191
19.80619411225683
28.30959469268188
36.98339374681445
43.165434556443756
45.536935436862706
44.71308758959007
44.16172775998986
46.91732166734876
50.7747344692697
50.5982369210869
43.8053231523498
32.187170494640995
20.224837838972064
10.411224107774089
1.704512161909495
-7.130115340084416
-16.038757691615732
-23.634136865259016
-27.646313703656507
-27.890722853282718
-26.92845107914391
-27.033019300139777
-28.861191926080938
-31.215866589096773
-31.55817074122419
-29.398007283388417
-27.12982182324498
-26.771249728519876
-28.613273125107987
-30.319546748691465
-27.466005618850133
-19.748843494232887
-12.346587192752972
-9.485397106013398
-11.800236672457608
-17.828617661038734
-25.28079549754567
-32.09316612517446
-36.91187007449596
-38.957094643215456
-37.78817098552536
-32.0544954548554
-19.586469696260096
-1.558068037095813
17.035004322494775
32.21387356601306
42.649599444782595
49.175597842268516
54.04241058727886
57.73244819675311
58.23072038827089
55.19480216779255
51.23027515773267
47.49580463786079
42.339961672007504
34.39708707113019
23.754826038087533
11.464218807644567
-0.9560618243001073
-11.893790752623683
-19.92670364349923
-24.707312021681243
-27.114422433176877
-28.243551826907336
-28.847147933149554
-29.608056778722762
-31.180747144427315
-33.44274885860419
-35.45905502242269
-36.49138972174921
-36.391192760694494
-35.298153360087056
-33.42105325574868
-31.110103325768478
-28.845281869062084
-26.975969313934755
-25.616874002007776
-24.72040435407462
-24.133596358313326
-23.625742676907784
-22.939104315486034
-21.86397509823619
-20.265306014206136
-17.86292019918325
-14.21383509739657
-9.335018449162073
-3.6684366792381837
2.7428435857617455
10.333586379922226
20.66422516078269
35.952017234890796
54.72508745153303
71.39397103591205
81.43326514105838
83.47961240453293
78.55069440704482
70.2803333944212
63.30407417248456
58.5925398239341
53.24104934762321
45.02990870039109
34.88455866317307
25.849677788134414
19.208094286623624
13.261480181895386
6.427789168112312
-1.4152087584196273
-7.969031486785623
-8.976099246756414
-4.361458636522366
0.4549155119234731
1.0333546737123158
-3.447912668149641
-11.18033416418615
-18.94195947630461
-24.89671664530801
-29.49040016994589
-33.4900622419623
-37.051954006149174
-39.73234370740061
-40.68787235743057
-39.87761394301109
-38.34534508252809
-37.0286741694738
-36.215218607976595
-35.656222985755996
-34.78519291988383
-33.29034896308426
-31.26916236433574
-28.71498380018825
-25.23040746313067
-20.714984094353092
-15.786983990436962
-10.299365485783941
-2.811408662728754
7.600339584890543
20.348149760383528
33.26941314271391
43.32135766273248
48.89402828981466
50.51710315184888
50.27276250896978
51.04920464744956
52.35620445983213
49.71492142930757
41.098427605722534
28.85955293416184
16.074043031451165
4.731908318086877
-3.673316370463823
-7.900926850422014
-8.418539337578924
-7.5358351921590305
-7.297039543822123
-8.532834872181954
-10.07944963254072
-9.10054509672279
-5.373545659636996
-2.304519469971728
-2.5936196493508827
-6.488686757407068
-12.947253100523904
-20.502682456036975
-27.657820707595445
-33.20472558951889
-36.55664080502594
-37.73911864399786
-35.197887241018314
-25.52358634597652
-10.053505193922055
3.9505712527024084
10.975042066519242
10.262859991023115
5.756575886812774
4.4651132810242125
8.661910837534124
14.124853208659452
17.450458880293834
18.791013153831955
20.223853839589694
24.155411052139282
30.811832707274988
37.9713578485851
43.293736231182606
45.428324149096596
44.10039826964862
41.162348462931256
39.72157984040115
39.78176471397471
37.92624563629447
31.79539922682174
22.52575170482199
13.590949547273013
6.6660642048303895
0.28943807413814504
-6.958827380406477
-15.066484847322684
-22.216303034667384
-25.28175196138692
-23.99164105581321
-21.85193938713197
-21.87967149523253
-24.794459711885036
-28.582458478974843
-29.229612915859363
-26.010361405111027
-22.734686894488178
-22.588652374115004
-26.025109164287823
-31.845594138707582
-38.13959361436281
-43.4443030443243
-47.22090302971458
-49.38988780923596
-50.014138077444265
-47.4543246041887
-38.265712523580305
-23.431777347617206
-9.489770267807408
-1.3375026237372936
0.6486643815627247
-1.8060112829410286
-6.7201258934010255
-11.380190301374574
-12.428066063697631
-7.923437083420071
1.7411983615484017
14.53585520588687
27.764047584043553
38.84818914027154
45.865760321394916
49.01912777470791
50.708879847073554
51.27710071910986
47.947163121585
39.412719249458405
27.238634110473843
13.77738688181243
1.0223903176966012
-8.140615492741471
-9.92429563580055
-4.858702553194398
1.3079029018195616
3.760147591058085
1.1951100133994814
-3.7092027186750838
-5.386648598543996
-2.5239196024264627
0.15477501375828995
-1.3395316380165394
-7.4612405415481415
-16.14222698188871
-24.02205202570291
-29.346507364651877
-32.82995538662771
-35.507661621714455
-37.73638185306018
-39.430685414259194
-40.25013031959265
-40.06593050741554
-39.11587911157932
-37.655521566562435
-35.77423151153671
-33.476278672633526
-30.73734050840615
-27.34946083320353
-22.777507171340346
-16.321442086321397
-7.438419401423467
3.9629800625531466
17.244605346760526
30.923426383721303
43.123382405524694
52.25043300580068
57.28727158375157
59.14244515352961
61.85644463417496
68.19870076308919
74.66200190316512
75.1912906564445
67.21339502547377
53.68919983155176
41.091257513726546
32.289896810376234
24.485641266978554
14.980510891576223
3.6375914059996752
-7.957522895138869
-17.40320272367036
-23.65626164888767
-27.643751311708563
-30.54343156143218
-32.941186030918615
-35.17140670281755
-37.46407912971978
-39.62337607108556
-41.07956188579537
-41.48304421384173
-40.898822033057584
-39.595514113636774
-37.855095245528645
-35.93487059883134
-34.07366193620719
-32.419153392735694
-30.977294735162232
-27.790043306724723
-18.957822264761575
-5.07783710149528
7.566845159176395
14.27885368367789
14.840518986805982
12.498617345007595
12.154468506067337
15.915578303624947
22.119420129418035
28.85628632728534
35.224984260180356
41.45376832033266
48.730444189530665
56.19835000124327
60.46796252203446
60.24381764637057
57.744314468770874
54.62444641187095
50.456329308558864
44.11224372216661
34.50905559917133
21.781514513413313
7.450774107329611
-4.965790931664561
-10.530264808132038
-8.89008584249284
-5.475163802937747
-5.017864965102838
-8.80950158001091
-14.95318733766351
-19.44450374637044
-20.875629971573357
-21.732449678890145
-24.281287295452145
-28.809943354638992
-33.172052534843765
-33.44682646454383
-29.160288208231353
-24.454206033340704
-22.823175179860407
-24.929442522310982
-29.484142239098432
-34.20711218554578
-37.67090991454813
-39.91189196833872
-41.23620194851188
-41.64653253730938
-39.63307084886074
-32.24065203980895
-19.88127982858358
-7.116189193767397
2.7827685039425614
9.717624326719914
14.796037412633941
18.899873137362814
22.649807364936418
26.53312949896178
30.40614716831707
33.47746902217643
35.60543643371178
38.901145626497694
45.34818421808562
52.33257245319399
54.572304725789735
49.40663320840103
38.2233209531114
24.759798298888633
11.864924610111284
0.17738363193829443
-10.220276242992373
-18.98803361788603
-25.070155384617742
-26.796602366235454
-24.588501138076968
-21.457808942238984
-19.941805495449824
-20.822752032098858
-22.521219089468936
-21.591906455821714
-17.50774653498702
-13.819494788454035
-13.416701536104476
