21.99994327697066
23.18627695520211
27.94372792079502
35.73032534903742
42.32339007918468
44.47633881987437
41.765654804915485
36.2121090430637
31.31254420282561
28.61349015462089
26.817805826897473
24.772007998824243
22.780588864610035
22.396806141240223
25.65715365861895
32.815435504627295
42.078048186137785
51.70391656415411
60.615184158007494
68.14735290898759
74.00341611978034
77.50520463676384
77.52723064496332
74.64692730374087
71.5439893382104
68.92743446737441
64.49309295318058
56.55571189552596
45.33648310180419
32.08628240921764
18.433584055305477
6.844083441573005
0.38196536469032694
-0.8251248090491643
-0.25195734527940417
-1.0095007324788643
-4.122808050523134
-8.73557270458813
-12.741187443440158
-15.273937689694653
-17.45273670881785
-20.322544527089292
-23.972140432319595
-26.841522111172594
-26.004024501273165
-21.375351122741137
-16.646939272083245
-14.868494797231397
-16.616684963769636
-19.074143901521026
-16.8239609973176
-9.23041229872688
-2.0684072236756004
-0.010863532234165696
-3.6005763198026344
-11.07308548305675
-19.800982997970657
-27.26377830800886
-31.452353452574762
-30.97245713830569
-25.209509067369815
-14.342291416294564
0.5907697814773956
17.27753742244208
32.63060588362329
44.12281776077847
50.36752360058893
50.662636656732744
45.97825127054642
40.14881491498141
35.83269117435783
31.696804110974515
25.885734722500196
18.690054559297508
11.91522177036282
6.430189561249433
1.313751507933782
-4.301797655776747
-10.415283889608094
-15.818417709898222
-18.372590192275958
-17.899986590755155
-16.852831788403318
-17.338468577479034
-19.848447488595262
-23.244990681382504
-25.28255332848979
-25.29973712164208
-24.90684623585499
-25.5203708172615
-27.350221754341216
-29.366849234385214
-29.67746163737521
-27.895606507708465
-25.737774769750818
-24.715014636129496
-25.10699784330972
-25.124631238741486
-21.32886147772373
-13.563793763385114
-5.94448682181082
-1.6184082088655902
-0.6367559545071
-1.1032324636687179
-0.5156560583498084
2.5894208132782843
8.315308614306915
16.224438211628076
25.50038531693005
34.37406263443514
40.439177314537254
42.65681870209876
41.90259686862216
40.37219365878062
40.86396196948723
44.40095159515201
49.75856333993084
53.95469476671746
53.077595520072705
45.401686164889234
32.20380695295772
16.71517216020867
2.970265014767481
-7.0214258108661305
-14.056770652745193
-19.431330303071938
-23.794522351026508
-27.006761011586196
-28.291042382780173
-27.769068151068176
-26.8414318470724
-26.666455049548425
-27.539428435236946
-27.913486150165717
-24.613339481936364
-17.626296702599454
-11.16659573408183
-8.631562789888873
-10.542979162937247
-14.456824592113621
-15.923838451845064
-13.710826780076172
-11.065406169419902
-10.798737213477168
-13.236036272417898
-17.380715592934827
-21.79925040608181
-25.01007058427662
-25.611702869240474
-22.507894742287142
-15.175124232280215
-4.413657825198707
7.506336241898653
18.85050361865928
29.330528575302235
38.581536222419295
45.59559090120678
50.25125958497118
54.97203582281529
61.974341924766854
68.64331564142337
69.76345781652851
62.930033185379585
50.40037882918692
37.29154354258036
26.440356390567246
16.72092791771718
6.758927154621471
-3.398236042309936
-11.554212880033344
-13.853115863117301
-10.31924950874117
-6.012380875304812
-5.16610039431635
-8.748638136444274
-15.421596658433263
-22.619086548799963
-28.61866276165689
-33.30076374240628
-36.9439696776613
-39.60644492115258
-41.308037166063116
-42.11372527460866
-42.1006253704297
-41.35660190191939
-40.03324608607912
-38.31342579325452
-34.51979510022808
-25.043309631336218
-10.64135742960191
2.3882336965721596
9.369235724631933
10.113497209356645
6.798690815340414
2.1089462644569466
-1.3553511349362326
-1.3402816202795846
3.2234079056725355
11.791255176089129
22.505452182303138
32.92403261479821
40.9827741019916
45.487578176939195
47.12783909343505
48.38599112284018
49.840976166438104
49.247107514504876
44.770229872290074
36.21004977636227
24.60682315175876
11.723172741767698
0.8152422770300873
-3.7219992988780923
-1.7125041243394392
1.7714541103022992
2.332502002177108
-1.2450777531230468
-7.137898854642894
-11.483491205937318
-12.953531213251422
-13.99282844901593
-16.79670954319754
-21.609355383921223
-26.77636864347095
-29.41070642419739
-28.82663198758814
-27.36997336745178
-27.156430899049408
-28.659345049427895
-31.357096960477435
-34.30090427591522
-36.6826848028732
-38.085103128371216
-38.338273567537975
-37.399064874491025
-33.86904609815733
-24.905037203312624
-11.14280846772334
2.536274232319375
12.702727613189042
19.309274833389935
24.567651557838797
31.486852638245473
40.50158588538701
48.93919518767685
54.18318546328678
55.102229003948146
52.610968788309904
50.531568635326124
52.09458894528237
55.05885440003837
54.186091025035424
46.83172956496709
34.413219568145394
20.690645278888358
8.249351197507416
-2.815577398550328
-12.855529891827825
-21.68846695506582
-28.050833712215432
-29.797725283251268
-27.276129876039082
-23.963350693126657
-22.735095059757402
-24.332183599892566
-28.077015430843456
-32.557678148232185
-36.60994720494478
-39.76957873185822
-41.91070693500586
-43.00281036764108
-43.08413486535556
-42.234228176679615
-40.67035735799802
-38.74981376506618
-36.78438137560053
-34.92131886947957
-33.03532207763203
-30.797900250408834
-28.150118850972465
-25.349758190427558
-22.41822856381509
-18.91357908939885
-13.132519062522846
-2.4984724171623025
12.629220136589565
28.44860258545976
41.80651779252709
51.55389702202092
57.410828914019525
59.44343741517834
58.08941631110176
54.08939005462453
49.301035248343176
46.63539188210767
47.695364973662926
52.10505338198607
56.85200181651243
56.9075995238433
49.57944068549622
35.88127966587151
19.403200169178778
4.888488075643856
-5.3882868903677945
-12.59472092155837
-18.378331972049153
-23.443742536347234
-26.113592844544353
-22.540723865281446
-13.262769678415093
-4.577384957289749
-1.478325498914126
-4.809795441224374
-11.872299195231802
-17.82242341087258
-20.61988236446558
-22.380208468772693
-25.201061699331664
-29.358958255129185
-34.32813407922175
-39.432284145110735
-43.79641953825851
-46.45807103585982
-46.91729772704075
-45.24863983372909
-41.871033395636225
-37.3386791794745
-32.00292843681639
-25.75794973021689
-18.14189941057552
-8.6742404974562
2.915676144924724
16.37394506497767
30.335007430643664
42.628267211373114
51.41350135566129
55.70565217983302
56.46081734575892
57.64012506081605
62.23402358385283
67.33103865142948
67.2831389930634
59.523497114133335
45.19749225503961
27.271717194365124
9.010745114576377
-7.036367113512597
-19.408368862007787
-27.680649578848687
-31.2783844425257
-29.112017285121624
-22.53359000915095
-15.771704343650534
-12.151555232552386
-12.557842102966626
-15.95787561133584
-20.18161235081692
-23.81861000331041
-26.90475489810224
-29.707326708986443
-32.14554924943485
-34.125887647976995
-35.68458634203092
-36.722143753733135
-36.96568376699648
-36.303393474325425
-34.8488479010154
-31.33375743451854
-23.00707930265911
-10.631332134846705
0.6519692739357836
7.079398769909872
8.540506822735944
8.618452348728546
13.097986752213274
23.383743654403492
35.15776696510485
44.53144320354569
50.33483576270584
53.74224134392461
57.50288420944298
61.792324142195206
63.34878664911398
60.817956683988214
56.47844463142806
52.36333786170769
48.72097764307375
44.221988047871776
36.491362370995965
24.62812530995538
9.914223593931972
-4.616692931413706
-15.049691198716005
-20.28622249214461
-22.868081212306965
-25.357923145172983
-28.706425554171172
-32.4695432415564
-35.27383648715347
-36.598147410666854
-37.33853361679875
-38.354423491301446
-39.81008334491014
-40.82797241378226
-39.697480342475686
-36.322191880100604
-32.78526253270775
-30.830557448386813
-30.82231768348876
-31.664115548272775
-31.21950913688473
-28.92881082074959
-26.460705402249545
-25.221851093961497
-25.310191102125327
-24.80944660745434
-20.246983767158202
-11.279743384364904
-1.534677880683498
6.326858431861229
12.332896388304308
17.40781217138896
22.095290954264797
26.641431124070742
31.21676795693429
35.48309584553032
38.60288202752593
40.8470153441733
45.131729107977456
53.40234781464915
61.924283123890106
64.55105438653123
58.546037857139154
44.704835901378374
25.33508737917071
4.104823247381766
-14.757848047601357
-28.516002760791448
-36.51448263127454
-38.71544211100836
-34.96912271215314
-27.134972560958992
-19.26899545632407
-14.46393316560893
-13.605017475184733
-16.338446180526184
-21.76999787995502
-28.349532705379318
-34.170858262394944
-37.973498718900196
-39.44065184156128
-38.88691764911341
-36.9486562784989
-34.27893043913468
-31.392045129067597
-28.6604297912831
-26.29514550885586
-22.50619789217958
-13.495811074324678
0.1928426835096122
12.467234029663125
18.802736399295092
19.07627422730178
16.9106505720885
17.875766662211795
23.897276300002723
32.08193357286489
39.55144482850692
45.22743803056011
48.276514338851605
47.64460205003171
43.556238661740565
37.78514559169863
32.95577585964617
31.87939211558886
34.86278606340451
39.35191657685454
42.053606535833424
40.1523007563129
32.79088618417734
21.2566798787569
9.0006460119087
0.7803469835134234
-2.190573858474785
-3.305324558515979
-5.726361573174273
-10.311840045309571
-15.483636438531033
-17.93595609836406
-17.005013791987437
-15.739005380370791
-16.716602626568047
-20.327504864016646
-24.50715390739006
-25.456557641119137
-22.491686015274343
-19.165167591653464
-18.49841872743163
-21.005592689819302
-23.83602955767579
-21.607008530834168
-13.771042803450749
-6.193537253881033
-3.63013346299559
-6.690475439412813
-13.699925689688962
-22.16206961694966
-29.566370108523245
-33.769890912851515
-33.30546978363639
-27.60631352640176
-15.999482230227226
2.3266716065436075
24.729140824014188
44.984814747520986
58.18478178955633
62.68640195595281
60.589329783115936
58.02582981016116
59.37235229119625
61.699227814138894
59.12995489314778
49.195574418052786
32.97217610974284
13.032645320073641
-7.284053174871698
-24.696928394426763
-37.25676471598514
-44.62236201209588
-47.65908589581584
-47.87656811327032
-46.55387496898579
-44.41790136359868
-42.0011054548715
-39.773070966482024
-37.89370261474315
-36.16211528754954
-34.51588319629684
-33.23380583481101
-32.51767696585037
-32.30663103788107
-30.65473896723634
-23.780507349191954
-12.130535362074703
-1.5856898706200653
3.24561063940261
1.720731446174053
-3.5892966669230972
-8.280871206976991
-10.323268152461296
-11.170879059339978
-12.208935132913581
-13.181044734218625
-13.09320903503167
-11.067232747563395
-6.609262927507022
0.5016604135056788
10.041071519776548
21.081590136555356
31.63789222532076
39.10493466387676
42.33999721757503
42.22407139389102
41.02713440832116
41.660204965379606
44.82810785815329
48.505612692512386
49.91974374830327
46.6744094079782
38.188881386493044
25.882746982691717
13.221582899741232
4.899373291919385
2.028432470795817
1.1012166442428963
-1.1671377567595531
-5.742262016134024
-10.883426009405795
-12.832555580411896
-10.931826311214904
-8.867509292140616
-9.70987730028459
-13.889289776589889
-20.22830747806075
-26.849127608023466
-32.359048780025226
-36.321211419618564
-38.744912886072264
-39.75578793691276
-38.69334110311542
-34.04258573593462
-26.433595932285904
-19.175686637440222
-14.806855235778434
-13.722954373711445
-15.106058777491155
-17.66205461693117
-19.87038172674616
-20.140889700792485
-17.189451175302132
-10.35078304611141
1.2807339274098064
18.758880332054854
39.78050481442626
58.55057009033192
70.48484735805418
74.08846223216108
69.40011689650191
58.28198357186713
45.828384080530306
36.18847175800395
28.90373422184979
22.16182657794276
15.276988977303812
8.305889741281092
1.6326933639760668
-4.3732674822763755
-9.501370615434903
-13.70697169609279
-15.451160655109103
-11.573638367285026
-2.809824406421718
5.129647407295219
7.786874236249636
4.43051398811636
-2.9504145317011963
-10.897977079563834
-17.321480562551073
-22.441097225740787
-26.86468900265431
-30.674275407747665
-33.20418291822959
-33.19518480421472
-30.758298959223524
-27.803827667623295
-25.93387040105273
-25.54068138919923
-24.735289040862313
-19.71690236723739
-10.44425372135459
-1.7873415375960935
2.567085552222993
2.573874649824818
1.1361734692541887
2.5909829019074575
8.477482416948673
16.65643164563174
24.86766738794814
32.03031525030343
38.34367724886581
45.07419299890611
51.61373753144021
54.950179464727796
54.100278572324065
51.427934827713585
47.578858315868466
39.990808846979625
27.76180169594545
13.088343194996423
-1.3450942963835288
-13.677554961076844
-22.678970750721092
-27.602778544899067
-28.920314926105995
-28.30939271371282
-27.3816547421909
-27.060068121551147
-26.596250754534687
-23.659649252568176
-18.286757899152043
-13.836368375108906
-12.916404897823838
-15.749111734192095
-19.278565469317172
-17.964153154138238
-11.114468838697025
-4.502698302882455
-2.886386756428423
-6.9702177201103135
-14.992689498237668
-24.122120598150975
-32.12707469711912
-38.054895175694824
-41.62135434011437
-42.800716400407126
-41.825149384662616
-39.10516583176119
-34.944252399931
-29.29416029294056
-21.82887735114926
-12.223693017765989
0.5499608086232932
17.934952554251872
38.10806365134632
55.73368219108763
66.59262178593502
69.42752592781923
66.34002744254437
63.12639760810517
63.969362026203314
66.07548478016767
63.66002116147853
54.15084309366051
39.652566716037256
25.017453684797733
13.025446252883924
2.7799537671803556
-6.9574091819759545
-16.258338409947488
-23.682093159254894
-26.64897548337187
-25.183874008573767
-22.737163205981865
-22.264926923161777
-24.544536993776752
-28.343264083122882
-31.119090255978502
-31.91140144196413
-32.1477436663268
-33.156622081658995
-35.111588468356516
-37.083647832275226
-37.43120216284336
-35.820092001053546
-33.69165848548812
-32.31877897974929
-31.983730213783574
-32.35911078288869
-32.83671324532254
-32.87572221326064
-32.13120933250939
-30.29341304684538
-26.93548722531008
-20.996869042578474
-11.090756557003845
2.269032636194348
16.52429041672712
29.527609426192974
40.233290638691685
47.79575167368208
51.388437797472086
51.05855828199676
47.86740943391146
44.02318070876723
42.5076082264136
44.53549521345742
48.96484024260984
52.77914550539793
51.961718361460065
44.638084808318396
31.93401222701337
16.259466224249397
0.13727393180753467
-14.183733069023624
-25.05642120706946
-31.90146834648603
-35.12723036656
-35.76006371689045
-35.03395544670152
-33.7957672191307
-32.3740799421181
-30.953701518663777
-29.709993490944477
-28.074135624153662
-24.693784233172256
-19.748293524782152
-15.442590217428414
-13.471817672674423
-14.021723014294562
-14.718982261220138
-11.105087667205325
-2.880255798823976
4.775588565809164
7.73131345411352
5.511672152557322
0.18162658712054025
-4.917716579766447
-7.7112391721428555
-8.070129971881565
-6.00799478044081
-1.102567476126214
7.541503145314737
20.834454541355296
37.08147482109809
51.93683520176833
61.806784814545416
65.26102496076415
63.41848607772619
60.59567971161951
60.61172651498228
61.76211791932639
59.20817566719346
50.538923903635855
37.25268933677939
23.08447670339729
10.544331097944994
-0.36694828829480386
-10.107400961526363
-18.617171435853766
-24.680041841109176
-26.07080338415527
-23.147816191322327
-19.58475571234849
-18.426556691426562
-20.44025890056256
-24.632794735775985
-28.98646072945435
-32.306959748227854
-34.866645700866265
-37.131503027109645
-39.13604068825528
-39.07683362918015
-33.43203685654265
-22.742071328033674
-12.745288028990668
-7.963181052944426
-9.114140601271371
-13.780806541058576
-17.725745893708847
-19.05503103568391
-19.31952064466912
-19.958821839121402
-20.699904025426527
-19.27474489010546
-12.305455914013045
0.28545393565052635
14.603363281191793
27.206423728971053
36.66370651102687
43.68734614699143
50.677666838652414
57.497575484718745
60.58101040313127
58.492348615303314
53.71145791628885
47.74274059797375
39.418577373820774
28.068740221728184
14.593802806253798
0.5531996748319159
-12.457276448632534
-22.70964210380993
-28.472266344253335
-29.8673732438941
-29.160422872306114
-28.51687277576116
-28.940588531515136
-28.803470842071427
-24.11857888767753
-15.010131561504673
-7.133203960972333
-4.894540724824271
-8.775726416334173
-16.516025354054023
-24.469885670468727
-30.495468205211637
-34.870178266219774
-38.28960783997577
-40.91829048209034
-40.86844898387025
-34.32663677139036
-21.990127453019433
-10.289482258167597
-4.2364118494722085
-4.599964154907514
-9.326914910390016
-14.993663403138099
-19.077971849515155
-20.659434052817133
-19.161759920957227
-13.990763439115247
-4.493164947622958
9.699970686802146
26.62820058598429
42.142569872615304
52.84223068626101
57.29862981078365
55.54311467141551
49.7527094970855
44.06838183705771
40.24765144939218
36.14871991516192
29.73674330423122
21.899989486037672
15.605242097778799
11.826676230680338
8.349534011963774
3.2442513712715506
-3.658624795256072
-10.820231858183336
-15.580386837908765
-17.252900050859836
-17.903596131102486
-19.435177509607332
-22.326835448227712
-26.42761605209179
-31.423924256482575
-36.500647195565705
-40.43974386803691
-42.48495774745659
-42.61220651005348
-40.2667733718265
-34.053470125117336
-24.86294418306629
-16.43797922970691
-11.635264669362293
-10.919194983601077
-12.901260670032821
-15.191488724619516
-16.41861109977967
-16.789713751478693
-16.55425624080257
-15.304345742227632
-12.396324245287788
-7.429068446967779
-0.3890755108840471
8.533540392856256
18.91370709709199
29.852029639624874
39.52346090925451
45.558559140954195
47.15221965666168
45.56349506726473
43.31087587310426
43.38027671587078
45.90964946576948
47.698891489270665
46.066149266475804
40.33941935462952
31.24509277106134
20.315380270604415
10.947557816637545
8.014470078972487
11.698875210864198
16.297088680756463
16.969372448539076
12.555812424090085
4.660157750550458
-3.5493298313472654
-10.210772801859495
-15.72348469602369
-20.77545682014329
-25.421406688031226
-28.303508857412506
-26.84920272276328
-21.336876923897954
-15.70849048353352
-13.141415226884282
-14.261406561700046
-16.573605473261836
-15.271828557369927
-9.535573076771165
-3.9866029203076687
-2.434241583603322
-5.313385850079961
-11.220336510394556
-18.109696291898256
-23.90671880537195
-26.782067121598082
-25.459368710150017
-19.46381563369255
-9.809804482447614
0.9739217501453936
11.085407750516705
20.38741932614405
28.676921797080958
35.05544827767628
39.79922434500407
45.99072283971311
55.668748276233416
65.03499151145022
67.93812610560653
61.7659758768406
48.015864355232644
30.221312849074092
11.962339244332856
-4.267657748200758
-17.08092528030405
-26.004113059808876
-29.97276941999065
-26.980585815187474
-18.426535379678594
-9.850853418634422
-5.629263831080934
-6.816752463653607
-12.047123160446521
-18.61853892739179
-24.603942173036742
-29.6585422989935
-33.847427356695064
-37.053081766250656
-39.26630242022568
-40.66542504572735
-41.29208125178059
-40.99792268863392
-39.78511426703824
-37.85796480356653
-35.10992333775166
-31.049535839784667
-25.973898257377932
