24.999935542012068
25.085598537328465
25.64566951644521
28.40415856990252
36.02423558746416
48.25379509515557
61.37792868530226
72.2492172568621
79.66627271052246
83.66306657449474
85.02987201318314
84.12005892378238
80.52505644629424
75.2081327776365
70.95060212220443
68.38606808304718
65.02233112478433
58.78489405938869
49.38871829059823
37.72188689250101
25.260021721219985
14.93845624568733
10.862883660860561
13.052896098068604
16.446817706292077
16.74124663752683
12.818556823510566
6.573478556208495
1.9112134110259449
0.14321379570317916
-1.2461381586252473
-4.502228636701399
-9.862110410854536
-15.02402007693388
-15.837034674653777
-11.823995860128331
-7.389165209486779
-6.235027695819705
-9.058736319609725
-12.883089335412578
-12.045261943252395
-5.687466678402118
0.5671807819085486
2.1059373647735193
-1.6354143607226952
-8.96922388860078
-17.370068817366484
-24.444372570239995
-28.326375790073705
-27.75301931531171
-22.234931816838433
-11.73533642118052
3.34261678404538
20.69932462892885
36.3842368269945
47.26660233936494
52.054900440227684
50.72108371099037
45.18569084941871
39.538602575921985
35.81332852350838
32.08727433771094
26.344379878690482
18.53089768865757
9.744260256227168
1.1587322114067558
-6.56768897316833
-13.10321249316915
-18.27751912293525
-21.151228040214164
-19.938531498382197
-15.214645432807021
-10.529581017677316
-8.725247403497113
-10.423491375847224
-14.522746761940217
-18.93186420866657
-22.41331559375874
-25.184983445332705
-27.638476445188292
-29.76539878415867
-30.901027288786153
-29.847473117788553
-26.70778640734497
-23.2744093785369
-21.03945098088466
-20.336394233723563
-19.998392151494116
-17.749139992204583
-13.237630090275058
-8.68064967249276
-5.748696891370107
-4.264002166073273
-3.2348359259892874
-1.7727310745953435
1.0301665779894886
6.19847549053325
14.111246020793352
24.071763124645436
34.31878047808021
42.559859183520494
47.40688100765145
49.96580007530792
52.973043766710745
56.53585013201953
58.27841430593034
57.61961546795253
54.559765815672336
47.8870396406381
37.34332724390741
24.292685688860633
10.877475975152127
-0.6857945932427931
-9.260459831582196
-15.09021125575105
-18.89328482406789
-21.315346696989344
-21.039911783180667
-14.692298830161986
-3.213694466040859
6.876162265587223
10.575938591796199
7.181031504308537
-0.2249562061074286
-6.2212178323394856
-8.651941145952206
-10.11721349364135
-13.123486743632057
-18.003876757088413
-24.091277177595213
-30.493479682390642
-36.12993510374022
-39.88131459365284
-41.146155424535934
-39.96712725038775
-35.759689551229414
-27.039449127399024
-14.658790100527305
-2.236846202423653
7.7823573989436525
15.396874462211354
21.02104007148995
24.331706286331286
25.83344796507789
27.32334181235134
29.778859826827237
32.671927474697796
35.292297184435085
38.63207788324844
44.40021152443852
50.877617312276584
53.519599990698595
49.71026051882799
40.3877562099773
28.58317600682369
16.7819960455493
5.781458107950208
-4.127357668294046
-12.558234839486207
-19.429159591427023
-25.029355015620418
-29.39173212561275
-32.17490500078892
-33.31447665277701
-33.17735306722254
-32.28981791812099
-31.131774558527383
-30.00580019151376
-29.052944640069196
-28.324951511005963
-27.805433530518854
-27.52303115331852
-27.570621778243687
-27.784817172297895
-27.730794583708033
-27.108984913140226
-25.876904044222634
-22.435315581470533
-13.506439025444076
0.08063983349716786
12.367410555806378
18.9586160756726
19.67270637475714
17.492389089494353
16.84549873073359
19.76348592052128
25.0053776279154
30.967347213978606
36.758717043305815
41.12018029486657
42.3294853425794
40.074758448504475
35.8776959320431
32.277766584307386
32.07721978024315
36.33567779772204
43.9968988188008
51.54226713181108
53.753269018030004
47.94753968264435
35.21682319179341
18.699152209301463
2.138102359924101
-11.834921242989136
-22.34843064537112
-29.501897419665152
-33.785189066259164
-34.12082310683153
-27.602490812267522
-15.569841382791283
-4.769408994610837
-0.3677493997997914
-3.1844021566830385
-10.646989478351523
-18.277847090673603
-23.70401578367641
-27.861888891792308
-31.956444988807213
-36.113471742070494
-38.94534097596987
-37.875556429903924
-32.90906967350826
-27.435007956986073
-24.245614889099883
-23.87732839053666
-24.245669372713675
-21.3993343288847
-14.423587291748207
-6.427287459397657
0.28970677559911273
5.887676717719831
10.844475691926586
14.754801866765867
17.728562606720217
20.930863937982988
24.829867109614952
28.65100635404831
32.118112910099015
37.28584851485642
45.80712695772605
54.428225624726444
57.4571431562122
52.21883643930425
40.142679391501055
24.926396906465072
9.764958669571836
-3.922136542139672
-15.492793363652186
-24.511653864731393
-29.247709316104668
-26.595266766959327
-17.64052694073301
-8.656896892104156
-4.649524326182401
-6.745537555796346
-12.072668879615389
-14.994205390870935
-13.816916697134861
-12.5223056963328
-14.573869141519804
-20.32974280768765
-27.034165557854347
-29.880648886115118
-27.785921551638303
-24.740075518910277
-24.23673657476133
-26.922057350412068
-31.720932954799146
-36.83814188208945
-40.840983717916686
-43.0414168856681
-43.04087652969001
-40.424387797679934
-34.694381891314826
-25.557075549485518
-13.604192274331972
-0.1453845934991307
13.564990192157985
26.402460656546907
36.60137057642256
41.927916509072546
42.01784287280295
39.94929384789744
39.883415760133886
42.26898412150039
43.37871792680565
39.93307340281109
31.77109149817603
20.88748156049078
9.554995816786244
-0.6182484115954203
-7.254212977912072
-7.0580556852410545
-0.7557627942168388
6.069361327192436
8.845111500463894
6.423606549028164
-0.38546981889065757
-9.935871190799517
-20.14136065043877
-28.96052885421177
-35.15053409513302
-38.445827734092425
-38.57833968494771
-34.894385851333496
-28.397611028686562
-22.058451492983345
-18.1455944243004
-17.179731886293105
-17.14229915578771
-14.010582706392297
-7.264451673688566
-1.1241061065704816
1.0239358865924038
-1.1149734439744696
-4.233784033247335
-2.4902471419001007
5.3414958971446715
14.412758343037973
20.943848987431963
24.825098053561838
26.92944983311662
27.50112477966333
27.283377350260132
27.879838714817602
29.93926504216642
32.671926378885516
34.092504596555656
32.85862516050589
31.07013078025421
30.8314086060556
30.565370540499195
28.082273536467973
24.360515801996833
23.006998130959026
24.564789905659246
25.017074566402435
21.224191219171498
13.09862865604161
2.4781417420249436
-7.957717443190024
-16.48651960761658
-22.97796983162329
-27.820188189954575
-31.31254417960925
-33.45385658555317
-33.92333034137714
-32.994913327635544
-31.754653285338613
-31.082819634770033
-31.215686402959204
-30.52515742857984
-25.679704043502532
-16.855190867951315
-8.8357808813379
-5.401525556310528
-7.058040833438426
-10.971940125241861
-12.1003086325623
-9.031211274335757
-5.331235760904558
-3.93975155990039
-4.809732869682188
-5.142323637329972
-0.7059388938262412
9.301887605006113
21.37553656104468
32.242094740966834
40.508235250517195
46.11746984434575
49.9461983948898
52.02931394071586
52.22842240257418
52.02808082281041
51.430708011968264
47.31382747399342
37.28970186717747
22.460717097244718
6.2496766071140755
-8.242811413397714
-19.382179188688802
-26.880937860364337
-31.390071561891048
-33.6315010446751
-34.063241229625355
-33.240121998562515
-31.86086330300679
-30.657337986850305
-30.255483063900204
-30.699213667969833
-31.46099308696214
-32.065652535946825
-32.339707072347416
-30.557812405924597
-23.279358184363247
-11.252926587292622
-0.5465231615669239
4.156375672929425
2.1830783956729434
-4.000524961007189
-10.134359544247829
-14.054897270149219
-16.830312984188975
-19.685644316753436
-22.627297328596757
-24.39882862943419
-22.94484153684273
-17.938354945004576
-11.14805116660036
-3.8144071180682806
4.120158368291021
14.030379327969353
27.89775408762734
44.51159263376073
59.08941783120951
67.69367139560302
69.05984216271314
65.25214876037526
62.124051250340685
63.6367747593278
66.42708460567121
64.28601724263977
54.54217768952397
38.79464424597613
20.877000707519255
4.011346652044999
-10.470399341478359
-22.122163694385502
-30.76813133644474
-36.09856967767135
-37.57415227827815
-35.91658485592936
-33.34608974454123
-31.716370551291426
-31.70230441482989
-31.807757089427902
-28.691478981202145
-22.201237742309416
-16.508952280343145
-14.940668326028458
-17.89051954561613
-23.785824308433508
-30.095922163648318
-35.127967086351305
-38.679745626133325
-40.97846991394068
-42.097366792851
-41.14425901130803
-36.313801972227054
-28.121341100087513
-19.930858033027377
-14.177789657806994
-10.85724979670561
-7.038328533113393
2.03582729548965
16.82986459665038
32.43219997169519
44.63495328379556
52.125528204746196
55.47571264596716
56.36255154820728
55.53925837097055
53.36829562144714
51.58114469543477
50.204575019080025
45.98507757648838
36.31596426433959
22.05014885992843
6.397751847832669
-7.657215252436515
-18.493902438375095
-25.157536765683638
-26.997849963092442
-24.993564542655708
-21.798659942820116
-19.634650102635753
-19.388986818262808
-19.895601915066283
-18.27766111010522
-14.167900143482015
-10.763128988610095
-10.642983759867331
-14.043031719271164
-18.52579741098785
-19.781477436945202
-16.923979333004148
-13.726886854248171
-13.421554527188414
-16.5293242656004
-21.23900937734178
-24.324047006630146
-24.62676148220841
-23.955399266976578
-23.997148481183295
-24.98160288987026
-26.09872579750981
-26.011029240596045
-23.965900252880452
-19.99098553224296
-14.007038293283074
-5.7038335117140555
5.079556395444156
17.989626278491034
31.573368365489458
43.580225672349954
52.09988503659734
56.09963817282096
55.08582730040986
50.129153636810145
44.82959398523137
41.31258501053463
37.81020967431235
32.2933108702739
25.207500452817523
18.749014067717255
13.840870788989182
9.153101655489646
3.4974546371671646
-3.131176075376837
-9.857258848944022
-15.344934352026508
-19.027704811986236
-21.470793153702324
-23.37757027094384
-25.10347957734511
-25.511417979297367
-22.004491679338216
-14.956474186300156
-8.630912174768493
-6.349001596364619
-8.578519482376448
-12.27090007028684
-11.786981224493168
-6.126600804467341
-0.6021429183241267
0.3498905904996259
-3.8625111409659034
-10.230752516144697
-13.489039484817681
-12.078867951636944
-9.511944587384193
-8.735022149656427
-9.769922296389513
-10.933453244806188
-10.15452831319069
-6.363454235622783
0.32240223727502126
9.284989539663762
19.502477547312946
29.481911872897047
37.648961170448636
42.813523906810694
45.46600056449902
47.80606752273281
49.88869313447834
49.39870692606093
45.76175597820331
39.452457904017834
30.21947770044172
18.441025425616584
5.510174241849409
-6.238785683612829
-14.005371299078412
-17.277010491434698
-18.36442693400374
-19.513363720454873
-21.620483029963772
-24.173568677171883
-25.619472347229763
-25.575908758885554
-25.446822167705093
-26.412701880211927
-28.59520581791798
-30.371700204713797
-28.698402307137783
-23.444731508098954
-18.341378306020957
-16.437504533017112
-18.239386287824036
-22.504429257035106
-27.108119472766425
-30.64517727956826
-32.98063844777514
-34.28031203394441
-34.50216862334611
-33.50622228972624
-31.167143978431326
-27.413717961912777
-22.061959741980687
-14.702130614145068
-4.950870251961399
6.553956104210849
17.841951241762665
27.59959829014671
36.019597591430156
43.14078835680676
48.23407477574432
49.86215058959149
47.504662305090406
43.983750387389094
41.835444807633806
39.74095748192788
35.68385173760417
29.268037180887426
21.148210236696563
12.425944415124025
4.129673585825294
-3.035017203849339
-8.722008204645661
-12.112953960561569
-11.786730798850323
-8.325994246596949
-4.794111315976132
-3.6397192883369964
-5.429593799737453
-8.78703458041112
-10.971592850141686
-11.116395192161937
-11.107210821053547
-12.613807062972903
-15.81383912828343
-20.10190473678527
-24.63041649007016
-28.567109613081236
-31.27871891293888
-32.50861813935937
-32.33615649072518
-30.897216779448655
-28.273073290558244
-24.81430579747653
-21.115984017545586
-17.429146557481662
-13.386980132058449
-7.309828409493754
3.2957832540834335
18.12480408535863
33.60220080079636
46.68999414200048
56.17925942083857
62.47785741696289
67.18699253686249
70.41290458787304
71.27946521851906
70.72298595552535
68.76264573748263
64.21894145570258
58.397410206083265
52.08351743741893
43.26763066899205
30.82311796191601
15.840548064539089
1.7782318325879523
-6.382479536952516
-7.83507617309143
-7.173221206484563
-8.535387779096675
-13.089706484160079
-19.665535849116722
-25.697768613631467
-29.915802185949403
-33.18391550598636
-36.4626966148663
-39.8981484731309
-42.07754313470633
-40.26575405343272
-34.578695996786045
-28.867301728167487
-26.26145134720697
-27.34675314065135
-29.290490925904695
-26.652882776840485
-18.708871798971433
-11.097461938628092
-8.41870303643383
-11.203181538794688
-17.684982449775845
-25.267932610405683
-31.519099570170155
-34.54299002056868
-33.030944944392296
-26.422330851056643
-15.771507832523172
-3.8322587424298558
7.383617589518662
17.652098432907636
26.701732866810413
33.55373679826598
36.88690556997342
36.64511223075911
35.571885044831575
35.40814710274654
34.277152715386705
30.178847711613898
23.55097239929337
16.509962124267275
10.283595002523704
4.280714706991715
-2.104768372991698
-8.70584182255428
-14.252161116098971
-16.636938145457243
-15.786047400416304
-14.282983969024748
-14.34166059493042
-16.513162693504643
-18.742493019952526
-16.87879542085834
-10.642795637846035
-4.942247770087337
-3.7275701265592573
-7.523770150187824
-13.054149207017716
-14.372128167938117
-10.217502956117471
-5.757300060648881
-5.405981384028758
-9.813200594496958
-16.986240987436904
-23.623001370798242
-27.87697591299682
-30.130246306709278
-30.922720971801255
-29.977022188520777
-27.238022190768383
-23.459136527389898
-18.568303272862167
-11.12032408763442
-0.33152202740599357
12.923380101697374
26.092628953681988
35.73822915138401
40.310663594119546
41.999352780286614
44.50176454012298
48.20518525885061
49.81288318079517
46.8275171940258
39.34466337208872
28.85538423013465
17.19987457089337
5.991446548223966
-2.861242889684796
-7.193258375507277
-7.165342612586382
-5.692306666089003
-5.358719231394181
-7.072831092735051
-10.788532822953929
-16.012964872971672
-21.761941500888543
-26.798374355824347
-30.3201312233181
-32.1626673362096
-30.84111377050615
-23.26858126572824
-10.549726732707878
0.9513725469532481
6.320971871190462
4.751562667754579
-2.2182760163603756
-12.117184192275511
-22.33342372782275
-30.672757450569115
-35.8299750316995
-37.4247259598302
-34.57257537162796
-25.58378826624564
-11.66954605256792
2.6761458816402666
14.347205128404742
23.11999190949763
29.133923529189445
31.59677797700666
31.22772722920856
30.852757308214482
32.24396281384358
35.049031334944644
39.053440204433876
46.27418511708089
57.73158368124955
68.96357298304316
73.38812781293989
68.11324019097998
54.30557375674974
35.11106115831892
14.422388481434346
-4.199803213010764
-18.559315708371287
-28.00730061780777
-32.176792845206755
-30.446603299443467
-24.352106652114614
-17.87207184517418
-14.110046196132568
-13.965323518750196
-15.890100350811274
-16.557604608209385
-15.001528172211568
-13.702315035816593
-14.769534206930267
-18.365628538037466
-23.059605264352122
-26.49505500795334
-27.7790532730821
-28.11400128415779
-28.713357489568534
-29.857442509048035
-29.53711332843844
-23.747609776769742
-12.735699184938229
-2.194341560993678
3.5620450121308913
4.321404451844179
3.6007815176366513
6.9736938834350415
15.950534742151849
26.72878153218402
35.74296365139334
41.73580042143471
45.06387806032043
47.11688583209079
48.14481024152022
47.83276840644938
47.42979875146706
46.81499218833111
43.70775845375911
37.48328256790079
28.7812575903487
17.799561348105136
5.214434072795484
-7.607236179107449
-17.64725258144602
-20.553677592937753
-16.485051368052616
-11.205210733672292
-9.57348978821705
-12.841220439347735
-18.983142512842395
-23.849288514289363
-25.834098394558048
-27.1639345406151
-29.904845580657362
-34.27784556192125
-38.305827992142596
-38.426570645564254
-34.252366191269005
-29.61818297248892
-27.74925660168283
-29.281542345562045
-32.54060245981665
-34.37707646939933
-33.688669842273015
-32.33200420375521
-31.96906614464488
-32.74306991519514
-33.01049240430208
-29.865246294037192
-22.816561216580695
-14.445211596491713
-6.634718007651328
0.6701035140953593
8.342441203009056
17.10082662069709
26.507807908975696
35.06036258426756
41.245781119690626
44.096516999242205
42.89540378171568
38.3193863329054
33.69859919929157
31.095874744057657
28.686754269141403
24.31595825382993
18.147302464274432
11.990484364700079
6.807728862761747
1.830516682638475
-3.6449435886381867
-9.50343439608707
-14.036762294294622
-14.202517510205105
-10.077262065450544
-5.7803018078840465
-4.686307000469184
-7.476887639951018
-12.488024178111086
-16.569571921363394
-18.436403660284526
-19.62043372939086
-21.613030279418126
-24.62770146310259
-27.672479471654967
-28.963571705547686
-28.083124705950734
-26.526729942555015
-25.65399865363635
-25.784121719709496
-26.676086985279902
-27.874867736858825
-28.776271772630395
-28.71835969505331
-27.13504203292834
-23.523303314674866
-16.338919274776117
-3.2509119444907686
14.804064881845203
33.16489672025492
48.04190993270942
58.063526951661515
64.3387830808968
69.89110381694859
75.09046105509756
77.70390179415304
77.57359175793519
74.63951141295246
66.34524438909732
50.903656574450636
30.372400441983075
9.450903357982046
-7.9749828984892055
-20.21226903039846
-27.005744591282465
-28.89954828862835
-27.326362353853312
-24.339838330904534
-21.64512638656137
-20.151640932724547
-18.415079023005735
-12.79265098807573
-3.465339637632759
4.2447533016615715
6.22535207807252
2.08926631262766
-5.8605355698989845
-13.929371465189373
-20.014789392026557
-24.540329588679185
-28.32514651807387
-31.571094824306236
-32.972412320693856
-29.8671591165657
-22.57294940764133
-15.266279092602778
-11.257602867038289
-11.088330057131941
-12.14638537275731
-9.59129311609078
-2.289295075347612
5.954850489903994
12.235459707208868
16.614021048768507
21.51577274537791
30.421811040492976
43.05094927955739
54.652799697089
61.09550015428002
61.027354385563335
54.81297161140027
44.92587331297993
35.861470682309985
29.743625686172482
24.537497932296656
18.02480558824549
10.336707283310854
3.2270342292747216
-2.4419396806734426
-7.58124200763462
-13.040000321192638
-18.815240220755975
-24.020791067147353
-27.158020836000762
-27.992167089169143
-28.012916784963647
-28.567434924889994
-30.03829250272113
-31.86535566281031
-32.84799437596395
-32.61533628276715
-32.03782826796979
-31.926863184225585
-32.462072143660244
-32.91853350881299
-31.852161878584422
-29.12050515736617
-26.352739622312704
-24.89512017001053
-24.942926744540777
-24.172525967634492
-18.10795709270404
-6.778292571639254
3.9631726298948884
9.642409677780186
10.057683111907041
8.822404880401612
11.620873190314244
20.039650953699166
30.31059213161578
38.875040015413916
44.46721566204168
46.810228412929455
