97.99974732468743
97.94688565522657
98.73299740200756
102.24141721290292
107.73393563511266
112.14379627153343
114.4296390062812
114.27020175789087
110.21497523372332
101.90385393037317
90.72018443199116
80.16290073452909
75.15370756538125
76.43126062001915
79.37067451971451
79.85039842693153
76.7674470485232
70.993069011132
64.37938584127609
58.43419951454843
53.75021403095921
50.47908410628746
48.624634293469555
48.09488126927582
48.766684744093354
50.33421567465744
52.28671122160914
54.176616653288846
55.76861567120524
57.34343038987592
59.65890382238109
62.73139799891966
65.55399186520428
67.36651367067205
68.18884932640694
68.38629600240068
68.35396726915621
68.80209224579376
70.88180463450229
75.65659073398648
83.64802409672605
94.38724258597384
106.29576900530725
117.65108111321251
127.27137245843295
134.17773851848617
137.51844801712951
137.5292875916978
136.84118158479126
138.31734243655762
140.50960912167469
138.96282321683435
131.27378830229753
118.56665423639845
103.96370831536504
89.93629584593194
77.18549129947769
65.86135563988603
56.20956465865159
50.10906719278977
51.04642526297925
58.1572777203797
65.12272409195445
66.91022732607104
62.47481692843078
53.392152682436226
42.54972531990377
32.253423261128646
23.411615527732486
16.303904950896786
11.045173149533383
8.393959284358203
9.813188125575682
14.605679025432348
19.42289244113094
21.631537955838812
20.682703933564916
18.079403012468962
16.669020737089582
17.378586520735258
18.444130131771775
18.49618125490818
17.87327203245141
18.817447221813786
24.58568350422582
35.34444196885976
47.54546515035782
58.01348745506114
65.39145180420893
69.14919970467695
69.19008373301324
65.91590281425809
61.207887301554344
58.10583709284174
56.88302987991003
55.01287262574752
51.471391554073406
46.07703757084812
37.852003344121975
26.672578517026913
13.733169486272988
0.871950249852393
-9.99081087249979
-17.947319347689476
-23.404745373897562
-27.183345746970698
-29.951720026350994
-32.42057142519703
-35.33083600963251
-38.662999845930145
-41.58191109942892
-43.44031179474636
-44.14750909300732
-43.98312561406601
-43.396206211616025
-42.67409952129885
-41.870084471606745
-41.02464391066471
-40.22545878919669
-39.240427087236384
-37.46650085085443
-34.90814285676596
-32.40975456541166
-30.60283254412989
-29.46781465788196
-27.438678823485013
-21.632140279348597
-11.985833720000686
-1.9372193882759348
6.096431381732572
12.212407947245751
17.983010904187964
25.28015254740712
33.98497366370566
41.77040983129576
46.4171326040631
46.893911056688175
42.51474507997125
33.85543842474299
24.722678457058542
18.312805673729287
13.597703912174683
8.499572943242338
2.1463230766122976
-5.55729989056438
-13.896707980309394
-21.688647039458942
-28.062103548430358
-32.71807057095418
-34.97701450608462
-33.565660599520314
-29.17677699849638
-24.93716201886737
-23.315244727061003
-24.838483632286948
-27.31334285693905
-26.437072579675174
-21.567475699695457
-17.056422115651284
-16.47858985064051
-20.3004617401374
-26.561363234768635
-31.924594535002626
-34.88114706704448
-36.648530690257985
-38.543601543543325
-40.796479287348795
-41.13915036884097
-35.15866866938346
-23.187801809818794
-11.609605188659883
-5.285552922885341
-4.517621901898357
-6.042895274170334
-4.901751620631716
0.8135155813872323
8.925438769421788
17.03330262605918
23.970758323531676
30.16651173064502
37.46889543422809
45.22786855448279
50.625772538375465
53.12494784686684
52.39453612109408
45.76827457065612
31.489117215584244
11.703757896099248
-8.784605929519934
-25.956841283818555
-37.99550798578859
-43.81271455392252
-42.37582770033597
-35.39920135920556
-27.568861882694
-22.62936899135688
-21.789524564314053
-24.024613535802207
-26.84817762253045
-28.93264094104726
-30.95164097772239
-33.599099161296955
-36.749206804586734
-38.66738528847352
-36.2782093006397
-29.686907969326658
-23.09293989140116
-19.908625438730624
-20.790811015470208
-23.964718368534225
-26.115563279192784
-25.96178859365639
-25.20422696301945
-25.393071139857778
-26.609058833205566
-27.189732878401127
-24.233035139412706
-17.25261802309824
-8.83407146432053
-0.8747979893693358
6.64859296566096
13.488486406416195
18.136294812938203
20.517197846569168
22.792518418140347
26.298774057045023
30.500017660377893
35.58678544969668
44.48070839627445
58.29080199020352
71.54076311381532
76.85690754474862
71.29997848971378
57.40330344003267
40.85063270590557
25.535477341892435
11.739417605188123
-0.9114996419627985
-12.072872952730389
-20.13286827872441
-22.460207993017864
-19.45548604672367
-15.33020941944952
-13.607650623202083
-15.253295401894043
-18.84863614184918
-21.392479591217764
-21.799274033654964
-21.868778821370505
-23.238092364920092
-26.089867886866447
-29.30392747989131
-30.93713587644633
-30.427573382921906
-29.167528630580243
-28.4530402965654
-28.56550109415968
-28.082596937973854
-24.21659073774211
-16.928871190259432
-9.726799178953927
-5.219576831219143
-3.316242180150306
-1.7799810691777829
2.528691076490661
10.535125792080102
20.429187553501663
30.312522329054495
39.08254824424836
45.92914729542219
50.29051011182207
51.80884052328997
51.435584077003696
51.61059171722761
52.4684504297636
50.93838945010651
44.87667224244291
34.737896837902625
22.32327290957713
9.611720881656069
-1.8664926466401148
-10.239580727371454
-13.22593018741204
-11.28960970743172
-8.144497059206103
-6.9374377420189415
-8.64236417423112
-11.741959825313023
-12.870710886372972
-11.228183324101547
-9.72115825831175
-10.794992141293923
-14.700545371226937
-18.6767596460803
-17.670171995809714
-11.152314078157207
-4.636530425480007
-2.702212733431005
-6.121022789449996
-13.63358794483897
-23.266054693290997
-32.79889779124379
-40.20684657392648
-44.331036511040764
-44.96977415188757
-40.948162007754114
-29.785563771580073
-12.818492598704106
4.1269614912289665
16.931485117539125
25.269790029812107
30.26728192700396
32.879679382136956
34.10557314773138
35.11795620667058
36.33669010534187
37.25760272108835
38.427944957922676
43.11264483360958
52.958359425114075
63.19401242698474
66.83874706375606
60.89508254321137
47.576030044465185
32.14943201297902
18.11943290605788
5.467433392261324
-6.383496914265592
-17.191233049896415
-26.392952144958777
-33.39535037646072
-38.011759936421754
-40.614705713364
-41.78799597635299
-42.05842377828775
-40.598902043646866
-35.158215475220686
-26.345062915656683
-18.50946933446521
-14.988709561501537
-16.225950177206357
-20.97102126087004
-27.28469087098372
-33.38757064535781
-38.12614540072642
-40.96255393800046
-41.81250669663965
-39.4390168375827
-31.283441173681943
-18.371537704583574
-6.106327021007207
1.5531337880993252
4.388220180814052
5.8678750217036715
11.605492843348246
22.916828473804244
35.508608918211344
45.46405092680432
51.494404701353545
53.0041104134862
49.37991205159135
41.628996118706894
33.61474574341001
29.76595495851153
30.434662456026597
31.443426747884452
28.805214030695026
21.796714958035434
12.173111696604405
2.074929472824394
-7.024878595973355
-12.82169399722723
-11.999959347360777
-5.27081485582263
1.7368945657776953
4.440048246805954
1.761044380783718
-4.006686149357724
-8.330281450901449
-9.60996192338288
-10.563582999120499
-13.623745276655638
-19.00052344352795
-25.08833816957668
-29.231466609633134
-30.522317234400987
-30.53523064838447
-30.8370092489996
-31.87918164753528
-32.00877765560076
-27.786586802834506
-19.308368907582206
-11.305767487456935
-7.497908003618763
-8.34227605448571
-11.462601144730396
-12.775094006854651
-10.60121300402469
-6.573159390656203
-1.993699669108914
3.3601784088715982
10.329871766912643
19.56194697320045
30.17540482701999
39.85888054688506
46.52615426634481
49.09747650922512
48.692384676679
49.64809317359421
54.882020578825816
60.821155048328365
61.261560807978206
53.48159186874797
40.190934803811174
27.52578093175306
18.381370565166293
10.400063659121727
1.208498326840882
-9.32630009892824
-18.441513577970213
-21.21823823855798
-17.355625941076664
-12.640319129304263
-11.938280065225515
-16.283650100740402
-24.11123746205751
-32.53815629247409
-39.563351862317774
-44.89010064894393
-48.725675735103344
-51.143576554286746
-52.32994324351811
-52.63809186429515
-52.24623831364547
-51.070412237546584
-49.09715801636523
-46.480641251619915
-42.192076576332326
-33.92463477476659
-22.31574656311469
-11.676306474512327
-5.079744473764219
-2.4365098556634983
-1.1723840437368551
2.3819089815327406
9.53405437521119
18.569642594728858
27.60553078042067
35.59144644633248
41.16671438050186
42.57365307502988
39.73004376856036
35.733554668253916
34.64474136862701
36.766435930673936
39.26165126203938
40.82930426385096
40.67312737723202
36.85318927803149
28.626667048843252
17.15111306607456
5.8538289388716915
-0.2957830597809945
-0.4397896565956998
0.9416391574229976
-0.138577752841071
-4.6894800955242815
-11.399269888406726
-17.587051646724113
-21.888630591099492
-25.12350917857162
-28.274737957366373
-31.530973861835868
-33.119866734485925
-29.549114612928207
-21.11152147849576
-13.000842750746171
-9.369838530364817
-10.946827401651136
-15.843717180041455
-20.706483605799868
-23.772821994492997
-25.771423664149516
-27.57995646409967
-29.190704083451546
-29.202263882882033
-25.128644199902194
-16.905376853430845
-7.426556038263378
1.2479951804672993
9.070026502648465
17.552713018154314
28.841764118942102
42.2731416061213
53.97596847075111
60.67600117433021
61.321309384508595
57.84587596931416
55.72824933661389
58.56296741141657
62.76963815424848
61.98227789828993
53.394775765766425
38.01212637880981
18.607289391888084
-1.3549249276249533
-18.68177183374039
-31.47242339152452
-39.30150251130431
-42.90130536647777
-43.664266715129884
-42.78992712264976
-40.96844595152662
-38.7580584654841
-36.68831232061932
-35.09999861578656
-34.09594609037255
-33.58443539492863
-33.38020050430716
-33.29144095329256
-33.153282941223026
-32.94176723332798
-32.78158466921134
-32.605374638051835
-32.08895482556741
-31.017491284570383
-29.400340384658513
-25.366593514261712
-15.0432422645512
0.6747348207727981
14.921351412980446
22.6228104651474
23.55024129553088
20.74514176744665
18.541967152000037
19.377540209283694
23.01625852369207
28.526783681105215
34.993282542755374
41.40891679392486
46.89711430392017
50.4334938751432
52.007790306579
53.37244251870124
54.46282087132828
53.05196189775572
48.74225955671885
42.05858955250207
32.62801452366631
20.72022560011931
7.709364665229629
-4.182436013460606
-12.386919821463223
-16.365207148000827
-18.102932970022735
-19.6162950380819
-21.771425601067257
-23.870194356260335
-23.95898404624434
-21.862254834483608
-19.935545119216016
-20.085703822919925
-22.55774686244974
-26.534142098611113
-30.68239918854229
-34.0033444974897
-36.2053147338801
-37.33167139048856
-37.50088454603508
-37.012498496797406
-36.316811306273884
-35.521437474150076
-34.27757066115845
-32.29632441044592
-29.533638124457894
-26.185254046272714
-22.61479157379668
-18.735504912972317
-13.732097685171953
-6.630639033373646
3.139606442246899
15.113509727892449
27.631788690652545
39.1426156241007
48.91831404535349
56.28806666748561
60.43521921974425
60.62213547262996
57.56523859584841
54.36725777081451
52.56265971334838
50.0004958396476
44.58002703542381
37.364193308470306
31.75394707247778
28.715046387815125
25.45786938734593
19.679376252775743
11.280333623455341
3.1266744955545835
0.3458596229880495
3.4993436733894505
7.051541995309986
6.364129553258244
0.5820112019228976
-8.033927766207452
-15.355214346432472
-19.598428660019152
-22.523632505761473
-25.941088025828705
-30.16995211079683
-34.22429131925505
-36.32398354856101
-36.05681112981465
-34.893074667491405
-34.178015668827705
-34.2600290727931
-33.525545315782836
-28.718375147458637
-19.91322806918407
-11.45279234282843
-6.558903088046527
-5.188957517164411
-4.268856565107837
0.876564339227377
11.306209242239676
23.4863812980705
34.09064672419647
41.768560290022464
46.879647542403035
51.05930386604844
54.325901893167895
55.54376365306271
55.43777698857713
53.93534595172558
49.80987095892041
44.33597474012781
38.32344494348727
29.840367351926
17.817694645901135
3.3553301555875663
-9.962904110555336
-16.893862278109825
-16.725254134328193
-14.587914414208761
-15.037783941947655
-19.327643149625093
-25.650396727278633
-30.166377518512114
-31.567426186586122
-32.32111807464321
-34.657215679038416
-38.87296373874588
-43.08715941283494
-43.870879566530164
-40.68068057872067
-36.87962727002379
-35.3474183576855
-36.65091383918074
-39.159029484420614
-39.817552737419945
-37.748264941215325
-35.12928164913002
-33.87242786150278
-34.20525277142876
-34.13643120213659
-30.040842614283186
-21.35080178714451
-11.420574757161713
-2.741270706720085
4.666791315275699
11.97572688965808
20.400208021878022
29.67134540261771
37.99060858294737
43.58056363732259
45.471943327305794
44.69896921649875
45.38651544534553
50.38889925305636
56.28156636306108
56.9671987858497
49.69226300355744
36.19827619041498
20.740402187203873
6.43610694263457
-6.146861659504886
-17.068516804145588
-26.087070017852916
-32.18697539428696
-33.671503395794744
-31.032775755368444
-27.500502102342452
-25.773719771168203
-26.637375122619666
-28.306620227260414
-27.00353639399532
-22.163338923155123
-17.672712657238485
-16.7132501886869
-19.665451989558903
-23.696855168576224
-23.68553758812388
-18.69507817603494
-13.483086933733098
-12.085112868346144
-15.113297126108778
-19.259382200063328
-18.48701285212234
-11.696408584334886
-4.376570046991289
-0.9435140112450346
-1.5966676577470231
-3.3318534751134576
-1.7192984417406274
4.720885092974521
13.652914233172929
22.584335820907793
30.243134738071358
35.80246289613341
38.67496504796931
38.712843348028365
37.31716066522553
37.20411673385665
38.49017824554665
37.43683176124182
30.6787578550989
18.661223397669538
4.728087951466566
-7.940472844873488
-17.681874459822378
-22.536889541267982
-19.807304484189025
-10.819723703893072
-1.6279463628299278
2.9290626275147207
1.6205896928004222
-3.61576595867437
-8.800233462738124
-12.04586151551819
-14.816414429769464
-18.589519895058892
-23.402182359604314
-26.77173023756208
-24.163948241639105
-15.609491286311595
-7.088219930391664
-3.497668313118596
-5.770495967708607
-12.004439584764143
-18.79474185992086
-24.00336780132654
-27.68286782895419
-30.27967547317841
-31.766043024064206
-30.040480575164885
-21.08502246207733
-5.509256761684325
10.386286332546435
21.95080744891395
28.764464884411268
32.968936912540215
37.53267266812282
43.291818049936346
48.44417357335562
51.06750072113047
50.32162084951385
46.77122927761954
43.314272176973574
43.0706421309388
44.83535875960751
44.14431256453604
38.31331880369889
29.219679159105908
21.931529596350554
18.19103221016776
14.569996518701164
8.108919141783574
-1.3481978348004766
-12.375126982223918
-22.942510885366858
-31.576986789817806
-37.84697343189136
-41.89864965174
-44.08224895161565
-43.22675495705895
-36.48484337410048
-24.847115189934065
-14.198348242559142
-9.070664306556644
-10.191358154255873
-15.105630492355022
-19.463641042982616
-21.348184271908465
-22.45907727601247
-24.493773232476375
-27.587826313090698
-30.66502354564212
-32.00158502940993
-31.06216755716467
-28.870196698739985
-26.24412592596299
-23.029757547380896
-17.338020930237693
-6.127173401126262
10.19278038796513
27.07998746885893
40.72036696400231
49.742265571271254
54.8804703029419
58.390439033326516
60.79271839816755
61.15315803587449
60.281775653360185
58.204678530831075
52.79592656168405
43.37636263511648
31.12208923902147
17.420001030352296
3.696909102403602
-8.696193397049239
-17.82505519232646
-21.252243938331418
-19.410237748993932
-16.151228170188723
-14.761970844624615
-16.281222215680174
-18.943428096781982
-18.84603301128675
-15.299382458914868
-12.121757278131092
-12.434457412792806
-16.558534899823616
-22.08666481013372
-24.832329616410036
-23.68933758085516
-21.80152870731646
-21.94851592188897
-24.61480622618176
-28.61060733207497
-31.83545512376551
-33.272269375086836
-33.570673556546645
-33.47779985562629
-33.11124895530255
-32.07438593307898
-29.68640390890601
-25.64216225752503
-20.034643985403953
-12.739419819496412
-3.4710481815894134
7.084612223704642
16.958940503354412
25.024785472504846
31.790493568696476
37.52800903836666
41.61357380408781
42.671946208996474
40.22165583776832
36.980155292806764
35.24347833503553
33.53174928880006
29.838120592588055
25.310538811810197
23.61002071944915
25.264019215746572
26.223418379209342
23.24783779352927
16.08609805972239
7.10368002444503
0.24536970603342212
-3.10910318514569
-5.208485092266795
-8.226072182282897
-12.630787682787343
-16.643043457397745
-16.797474769446264
-12.805669306318842
-8.625933182951108
-7.535090441039454
-10.117073878723
-15.171261412264883
-20.629702611877367
-25.09977817861777
-28.394558892790933
-30.645789911639948
-31.867965470778934
-31.060368528650493
-26.231133005204335
-17.907125998554115
-9.722595809931036
-4.35658907104354
-1.9133883102327989
-1.3637474668646306
-1.7027259928751235
-1.609164196195632
0.6251131929371012
5.884030845943737
13.64701459433352
22.110365804388685
28.87634051338231
32.61105936283442
34.61880894820458
37.73341675973123
41.98035795748464
43.59342137567879
39.33385392438403
29.540836283739367
17.16075039621102
5.164878931888975
-4.666533130458607
-11.047054303772796
-12.88506684968222
-10.929878249003542
-7.902970181163934
-6.094903052320264
-6.342605074169585
-6.998407291540432
-4.320735557575239
1.9177772771880095
7.146789507149272
7.747601522072662
3.352121640640235
-4.608442991029692
-14.030687476803184
-22.924047213506384
-29.89230714445221
-34.289512577561105
-36.11438652188581
-35.26366851951471
-31.284763014815624
-25.028450278392057
-18.888812438488667
-14.675865427198888
-12.752172099791549
-11.28939226517027
-6.747633367199395
1.430010929491397
9.893868744987763
16.167397288771376
20.296659451714675
23.865479721162828
28.901782124419483
35.49810564133372
41.492253183486405
44.82765593202224
44.64442629861307
41.22067382737398
36.852518998161116
34.86295117082947
35.246082443912144
34.444238183840575
29.888267757695495
22.623310802051996
16.194692368724105
12.011857087040713
7.947010397810287
2.12872157440664
-5.464635364484296
-12.935946667202062
-17.1160430257278
-17.414836323839737
-16.695843262955734
-17.49542373596195
-20.434740667863956
-24.670267046021003
-28.488519967731204
-30.983501202120394
-32.62465297025709
-34.02416601876455
-35.32911638044031
-34.83803692389439
-29.139739715493004
-18.750497891960503
-9.197051268563806
-4.795772771657257
-6.182591468509436
-11.196916183859082
-16.157603684909617
-19.123016378735596
-20.783677646942802
-21.885677114312706
-22.109741969606965
-19.152409793909065
-9.30178881756843
6.882606724617167
23.662368261821328
36.249358330381156
43.112561373394456
43.95556780268789
38.763276550256386
29.202443765785652
19.71286218978433
15.117132092768838
15.919620058669206
19.608524448202857
25.49678532821364
31.906457529631012
34.31906777307087
29.564494952181594
