16.99995616856824
16.99973593999656
17.007691703676223
17.058068586634654
17.259133015076976
18.555591057364232
22.67570903464607
29.614838639742675
37.304269808576265
44.39902011079228
51.01998235831057
57.71039605855721
64.6988804584282
71.36984099271605
76.4446513824323
78.73285535566744
77.5871882620137
72.62260203051443
64.7736975451031
57.46593239665599
52.71241070432955
48.585038793879434
42.819037155761066
35.344506047765016
27.620617981741475
20.577372209748575
13.800342187989159
6.856113046038825
-0.1100416858748261
-5.934343503416192
-8.62743950089935
-8.202066810195543
-7.273959926055476
-8.03684250176781
-11.011131367169286
-15.463098983764445
-19.928490234967484
-23.53495123038379
-26.452335385678854
-28.98762094335388
-31.18250295389861
-32.26409158933876
-30.69924472351331
-26.713455374672144
-22.80142068232889
-20.946718413403012
-21.47957413444972
-22.292519264163232
-19.3951568986569
-12.343980425886848
-5.331414991773688
-1.5107532766025873
-0.7528589955030789
-1.2822576221398183
-1.1668109180091095
0.9610594115054205
5.785860257637394
13.147414937120567
21.968693474846
29.94923143666299
34.14720095810672
33.67063707113267
31.352789475573488
31.253356779936052
33.760252115939046
35.1395916343293
32.14972779418793
24.57167393163397
14.213749942493637
3.209823558144196
-6.847426259870463
-14.282381276269865
-17.251630122102704
-16.11532338279943
-13.800039532123723
-12.832947025663987
-14.055619020095254
-16.619863583073872
-18.50334699793134
-19.01503491041784
-19.496398572390184
-21.136137366584435
-24.046593956515967
-25.904547685578873
-22.264675752472566
-13.194807398345853
-4.650379124541151
-1.3953989798469966
-4.183698638340369
-9.667196392248202
-11.721002417153716
-8.725270453563356
-5.302970250743434
-5.398311215006172
-9.403005117337695
-14.035654237536358
-13.603180990737595
-6.778118682509061
2.0179818527201956
9.203224406677572
14.403757838418553
17.580730224087834
17.66999734442677
15.243927381255576
13.159431679522156
13.21020497136349
16.135434842044965
22.928004381993194
31.977781431905864
38.690465758825134
39.72996731422264
34.693365698750924
24.98663910957738
14.273416879432693
7.758728322053402
6.602509347268585
6.678922015598479
4.282622431975486
-1.4291852218947287
-9.815579262782677
-19.703367933635235
-29.446858952633033
-37.28472325661332
-42.23963349442751
-44.30227829410628
-42.43758010548374
-34.183586962750574
-20.947364237840254
-8.943161244300924
-2.9126954589507754
-3.66505619764623
-9.547515006365991
-17.77252766692733
-25.897721663142157
-32.53902757134605
-37.03020984587699
-39.13414051721607
-38.363232621555014
-33.84005182927777
-26.33349946716227
-18.47734891306478
-12.09072536169452
-7.140651520036787
-2.1285897734737382
4.984553594095576
14.63117900153549
25.327023184522076
35.49076991503571
44.04729674792156
51.01319460353965
57.6270161546667
63.42638281512543
66.70114877305548
67.82887192021057
66.72827179660942
62.509347956844096
57.002545320571656
51.242066789688565
43.03844771544121
31.064988508202465
16.389544993175818
1.761188638621558
-9.334173069658533
-15.728760474644734
-19.296878708829137
-22.09272640134465
-24.994648979967614
-27.541413529066464
-28.26651815463721
-27.046999603884554
-25.69671252750409
-25.71852802586331
-27.364434535151744
-29.37950657297221
-29.408770070755367
-27.024878398699116
-24.442742596161104
-23.54246141833909
-24.63894057381514
-26.96666977470417
-29.202447461386868
-30.540115428149583
-31.034946797705025
-30.872519738038015
-29.99554627946041
-26.47817959707872
-16.617169381521098
-0.9263138854810773
14.88725292471347
26.622795072571638
33.885983706552665
38.879251588278684
44.89687777928349
52.48314184287726
58.725021875161396
60.923917864734975
59.375537972380464
57.74643936924195
58.803157029386604
60.05822060138455
56.9135764020248
47.51184752809084
33.013148426505666
17.589279392926983
7.292383505109672
3.6768994074744725
2.3211721322559384
-0.8936355305190133
-7.048153521799181
-14.517420021381117
-19.941156004021938
-22.19003459118112
-23.463913483763115
-25.823600312580403
-29.67029794396856
-32.883677978953244
-31.340359958987538
-24.851402954037443
-18.461477788907345
-16.293498798254774
-19.04504681840553
-25.321534459978118
-32.79519491415317
-39.53252117817573
-44.60471796549673
-47.694169589259246
-48.75906527601889
-47.721084742257204
-44.40595334271455
-39.3293321398428
-33.683265058489
-28.164817614263217
-22.53282111959734
-16.48871850139574
-10.326517538755326
-3.8292103073264414
4.13442924937195
14.080369072829164
25.17530043006542
36.65693040825764
48.611598638154796
59.48567965771929
66.79800202981716
70.58197447860252
70.79826055123466
67.05548709046555
61.97852877503571
56.83810518607514
48.95158522446077
36.598606508927595
20.8732399261891
4.851680123556399
-7.5056790107732105
-14.780793937883239
-18.926510892598458
-22.143274043684357
-25.401214499287605
-27.050193069294345
-23.1188279577049
-13.95979624508887
-5.672508992160832
-3.0675747841192695
-6.859820403244806
-15.222436803069645
-25.184772456611356
-34.31541781053695
-41.46311108479372
-46.22891397979587
-48.591800055282555
-47.014083592724845
-38.25465265279279
-23.57113716599494
-9.801218583787172
-2.1716754892864145
-1.4663500907458271
-4.411210170636668
-5.22127856911694
-1.6056747404675864
3.8473170910364836
8.949238785567132
13.747386570829317
18.959032523887025
24.96648074334597
31.32084511356985
36.907045469062375
40.5258848421524
42.43680179074776
45.469348900433566
51.300913958335215
56.610219438538834
56.43606488807615
48.880287179152155
35.2304770388119
19.516021837765496
7.307449799380123
0.544592700114567
-3.730282747674771
-8.503983918299348
-14.61955726481469
-21.254952909043993
-26.61090756733857
-29.93133664197759
-32.11289807541958
-34.111784168271726
-36.20773142942632
-37.08123380016516
-34.01010090884787
-27.246187224279193
-20.915009255192828
-18.296518058023146
-19.918981816009204
-24.216483314690336
-28.454847775366147
-31.157179954012506
-32.86871104819977
-34.33599271550706
-35.636212875714264
-34.94351583822289
-28.769053816959826
-17.52912597224827
-6.514693821363574
0.3563483860108825
2.9883649159609877
4.141413008828097
7.7708943402873505
15.242300720147727
24.591685460731696
33.60806337332533
41.008064753842596
45.845830423919764
47.4806768541711
45.91058699099814
42.825470264640416
41.203336068235714
41.30617250172964
40.48341478885857
37.470986805438784
32.20528373248601
24.244550911806733
13.86154141742861
2.3034664957393822
-9.287229234764716
-20.319320027783068
-29.869926834417782
-36.585477072994756
-39.87514430306585
-40.19353110140646
-38.685509760569566
-36.76563434535575
-35.182099117628916
-33.80855467671587
-32.43174103945486
-31.071380240825228
-28.438970008590495
-21.805569788284764
-11.710461802294503
-2.8925804559279236
0.9987478675166255
-0.5004922775593776
-4.081986150012902
-3.7173670929472884
1.8505613531278078
7.373779277243079
8.483017398238626
4.741876970534926
-0.49957017371986057
-1.5103192185564362
3.410883135644009
10.581841059018897
16.944608608738225
22.19547517531308
27.060408357760487
32.13357052822219
37.25046549762007
41.56070326341332
44.05826754144798
45.107215463379106
47.5609908578517
53.06198464702039
58.221322975719076
58.00142828565024
50.44500935814271
36.816387669781186
21.35449881211541
10.048816823278798
4.726815020269665
1.6530148233177755
-2.770407669388028
-9.483210916261637
-16.938651761150254
-21.96511240696619
-23.65506602141112
-24.38106476967999
-26.303489174677598
-29.87779379491385
-34.79898096176788
-40.56646845749553
-46.19883070356906
-50.37936433022435
-52.34727062037456
-52.145820469829154
-48.3896922913663
-37.90938735266748
-22.082987528624344
-7.9758988644447335
-0.9397783469598764
-1.7039616788224485
-6.7371191830901225
-9.850067161819322
-8.75904981300568
-6.666285154801706
-6.284553013096794
-7.379331685289859
-7.592998021421174
-3.8103851061087446
4.592669694285384
15.247540323226662
25.665693976825295
34.328635763354015
40.821586484228995
45.816105010359124
49.07445602574773
50.04757588090406
50.02742415846749
49.121343618955684
44.65546465551808
34.90395272572016
21.03282009508395
5.797671765367422
-8.250068017778293
-19.57211546272919
-27.860499054320467
-33.789306947868404
-37.779198151063255
-39.632394768014336
-39.44727821868431
-37.857706429185384
-35.72687921585877
-33.88903636803965
-32.69486202756523
-31.97057750175223
-31.46738113009028
-31.04925497167383
-30.693867417823416
-30.45473415734527
-30.248833264551195
-29.84444967996599
-29.09791513207518
-28.025928452957636
-25.25070902999296
-17.88705223967645
-6.567854064818304
3.61867503848938
8.8150065028191
8.630522261773608
4.73886944104852
-0.39170399657202637
-4.4985304065465215
-5.848686196985902
-3.2213323335239332
3.8430969125411982
15.773573299240201
33.05171849235854
53.074018332890084
70.07881523613679
79.65379250994735
81.67681715396003
79.77325879377665
76.60065035777284
70.9612622008235
61.053084599597696
47.13665587692013
30.959571025274577
14.539970135082058
-0.515188281263093
-12.920149406901825
-21.782771311652365
-27.03594253800755
-29.34901999909227
-28.741202743331886
-24.228135220210557
-16.907502210898155
-10.555722084444039
-7.987823845796781
-9.620673202824394
-12.607834191720253
-11.636260457303376
-5.889324879507376
-0.6135150914174794
-0.1241878066792923
-4.970380881724022
-12.658583216359682
-18.930836832977995
-21.98929817915172
-23.661209348961453
-25.813720310349087
-28.749651912707655
-32.01004592703788
-34.9627879511346
-36.95866787713504
-37.351235923936144
-35.58217169500376
-31.186922986345877
-23.93487420201017
-14.120027847498037
-2.458955219765965
10.241966627124146
23.067361151273186
34.83927290294206
44.161937612498484
49.814026115233816
51.366058523464154
50.34928700698049
49.79790722961431
50.15671584699249
49.83007424574164
49.432723214199754
48.77688004239582
44.758866185978576
35.570838854878446
22.20013476762901
7.693421499184126
-3.9274179720712397
-11.12144873643119
-15.675294666457336
-19.592844581895292
-23.65404545684692
-27.497115728518228
-29.96735426329926
-30.809013022787198
-31.144382171278796
-31.96125716294761
-33.45552465257981
-34.29492071034109
-31.857868035112297
-26.162486623001776
-20.701981987673058
-18.301513181402456
-19.443970234307162
-22.47365544328274
-24.3620293227091
-23.974304273742273
-22.9347170330045
-22.735240534283534
-23.467485060385187
-22.844180227624236
-16.711751183216904
-4.860405093420857
7.945669650039374
18.092658844910012
25.21130600502771
31.29906586863546
39.42568022344519
49.58720915123084
58.02993088077081
61.49812196645817
60.20069048743606
57.5069128512026
55.49294017800591
52.17994010417794
44.94703996647742
33.44007993837744
19.085612170999575
5.586157698233997
-1.7949342591408417
-2.303205761862614
-0.9671980714193964
-2.2415431947763267
-7.284426647198915
-14.604899681770853
-21.149220871285596
-25.48487186819398
-28.749389538734896
-32.17716077616258
-35.997118190619915
-38.357904690356065
-35.62522023024407
-27.988759520270747
-20.615343829850488
-17.651346734755887
-19.812899649501823
-23.95702726622758
-24.196764163376017
-19.264933618876654
-14.26673909728633
-13.5149362383037
-17.550688586621426
-23.6532322165121
-27.17836948608941
-26.541423691325136
-24.352252164096935
-22.816644680534868
-21.825360409968745
-19.87104272971472
-15.189927524832173
-7.361661596475871
2.5355659639997317
13.118411183084572
23.09446477444481
31.09476395825144
35.94114388341016
37.20502313427489
36.36270936370451
36.35857061874874
37.53592504369388
36.562824417271756
30.663480272256358
20.240335931897587
7.802893235206717
-4.139058206142845
-14.037502895307506
-21.00094579413895
-24.566831290609958
-25.21268200544489
-24.330774088126397
-23.232319350174233
-22.64318386118255
-22.20258462143433
-20.587536756474826
-17.754174408582855
-15.488737942461372
-15.171706814221254
-16.901671942220315
-18.191062057202586
-14.335593537151265
-5.211436871875824
3.256697322916615
6.283746654705741
3.1448451994613187
-4.239666165535039
-12.70336039021224
-19.977062204715196
-25.46367113596504
-29.105215474512093
-30.75949100883991
-29.65963069446464
-24.505079365049053
-15.671361101087298
-5.403347993340988
4.751328835575009
14.611799028855877
25.108564576203833
37.644086168338525
51.24112236527134
62.26136145866133
67.7709750772186
68.08573055712563
66.59656162629342
65.39809337393275
62.56812856455886
55.57432856539568
44.15699807562552
29.815685566611975
16.139247135473525
8.088363224034925
6.4427459608123705
6.654381062004852
4.659301580538187
-0.6286192953321876
-6.787753450891808
-8.839770520573861
-5.934075775851264
-2.9369189593726888
-3.9270365335356328
-9.50777563224122
-16.741830661411356
-20.312281633428114
-18.90417373098763
-16.749488569214115
-17.543230016100644
-21.89477906831515
-27.300375901874013
-29.18612750817551
-26.546902933505024
-23.260991375155434
-22.660972043452887
-25.28038133193932
-28.42283400573147
-27.100158541331382
-20.496186466272018
-13.337410334981175
-9.340597230600773
-8.567550535874283
-9.550245106344581
-10.926748437118302
-11.131352355740876
-8.302855069246533
-1.686168359347327
7.780682315198497
18.195741027121414
27.579165592529577
34.27541794143892
38.26112951135458
41.484344672090096
44.03861596707097
43.093856296337876
36.906130272173314
26.35120986554721
13.537383824110954
0.6243995665460389
-10.77175696966555
-20.005923884296262
-27.33116989153889
-32.786608221547596
-35.90030106083889
-36.615651001775625
-35.517136554859135
-31.836508127463222
-23.112773295926416
-10.483324796616259
0.2799945869981766
4.837497689387073
2.6470975890747006
-3.9607023704870308
-11.062502515484564
-16.414635711679566
-20.510929253380855
-24.211521469224238
-27.61415173841249
-28.856746934697927
-24.36475662867639
-14.581323341707753
-5.061800755422651
-0.16974085897320812
-0.5253502798064495
-4.01685204693886
-7.166766717604611
-7.9049283637554675
-6.248081723678768
-2.367886414341268
3.950856773775696
12.479990099596863
22.209520161345626
31.74810906066121
39.78288079058272
45.195607756065264
48.328301232380355
52.146355572029776
58.52955129577177
64.2591363305702
64.31450217127255
56.748474177509635
42.8961225183173
26.590696001707066
12.89935967910385
3.917038942472754
-2.308190551098747
-8.009517555419635
-13.96128796927249
-20.232083765584555
-26.625973032868494
-32.53574249430096
-37.10213715633579
-39.851274890866726
-40.86570052059102
-40.407122182365704
-38.681346730225876
-36.15620423826325
-33.612333300659465
-31.62586805000241
-30.37439709153732
-28.423307611143663
-22.78665392222171
-13.708752881323848
-5.666971148449056
-2.1494180834754193
-3.547098457148703
-7.294525433887587
-8.968290862881371
-7.139026179836779
-4.449306380833509
-3.0205994946366452
-2.606350674831439
-0.8263079677389316
5.705400973415582
17.234693205520227
30.208874788066936
41.31410164506985
49.010200531048305
53.565928429108205
56.75028056578023
58.82321631107388
58.86224426471717
57.75755906708467
55.55372666517228
51.3789303739175
47.0957014608319
43.32008823623708
36.98616524744489
26.135097839962096
11.69865056617136
-3.5209162808421652
-15.96573185989217
-24.114962626260965
-29.211457679194538
-32.87395881402842
-35.910049429366275
-38.79783457890186
-41.91399082859791
-45.03192335316541
-47.345712889643245
-48.32729673421409
-48.005570186591115
-45.326226387509244
-37.90556963460167
-26.631218537497404
-16.515555570985338
-11.392101348619285
-11.840439665604649
-15.372285561902896
-17.50793471358081
-16.640307886115004
-15.291873179808306
-15.720415759169143
-18.038788043981736
-20.8997175112361
-22.31999716534207
-21.186624200431275
-17.507213005359866
-11.317985380692685
-2.5481916568113805
9.06924252322049
23.803167737423326
39.796827982187956
53.076848106573074
60.57469249592933
62.48772499725133
61.58502483190165
58.829451998040724
52.60126793428109
42.44727988715601
29.725370416277585
16.21032465877009
3.472067814058157
-7.4060436027992225
-15.7797168620659
-21.438348175300273
-24.668804714599347
-26.096970704282572
-25.98303013909904
-24.018133922815974
-20.77785520025225
-18.043159428069703
-17.11182298192017
-18.145235440511357
-19.017447392781406
-15.647939194746343
-7.917194375719308
-0.9417716198837729
1.1860476741578614
-2.076630896238603
-9.37638387110773
-18.71214946542787
-27.956847517177295
-35.27729544898526
-39.66849597662162
-41.01291885527742
-37.7952921238437
-26.759705293579678
-9.461910760331985
6.708475125965544
16.373549899017675
19.190555265698002
17.441008544105962
13.92258442719548
11.2439155001053
11.547329154591731
15.692226077296812
22.925119074092187
31.747313217532515
40.766797802407844
48.19094997990381
52.978981710584016
56.24565007226918
57.894482045165965
56.00885520881006
50.62759831036881
42.67843357721537
32.0729351514684
19.231368054292048
5.561619349943957
-6.1092175095828765
-11.981882582861271
-11.80643788180252
-9.766866562914643
-9.582630698093915
-12.392713186510885
-17.567236532903518
-23.536206386133095
-29.025279176883277
-33.593492819022345
-37.13717464858675
-39.59327574354252
-39.03524072480326
-31.613693544295675
-18.269127550031776
-5.991154501299981
-0.2361741427593511
-1.9275988509822426
-7.984095998434343
-12.827133366263013
-14.181457842121478
-14.63315552434776
-16.62340834228021
-20.293498110768642
-24.80089995545204
-29.187487331919122
-32.094803902596006
-31.711082980655643
-26.71180277562996
-16.880399927799058
-3.018776129060111
13.2388765737734
29.417252443836077
42.750328202953945
51.239116279531984
55.19891284409897
58.1814869969393
62.95622710736406
66.94104232231814
65.31883309301188
56.21993958669128
41.06851123028766
22.91999557080734
5.1624158054297205
-9.786296961871628
-20.99651816582974
-28.51773086030731
-32.900830847632015
-33.942434179643136
-30.404975313441632
-23.36094418457336
-16.83246233947857
-13.88624119734589
-15.098833617612897
-19.634949618871808
-26.07673816270178
-32.8043338625677
-38.37295480148828
-41.950099899841845
-43.369082084462576
-41.495310124418836
-33.97072833713862
-21.94760557156555
-10.892061872651357
-4.9750965719809805
-4.874273051844231
-7.529999314411928
-7.314133581640828
-2.703724192710517
2.2035174319838653
4.165024839399164
3.3940334033442117
1.2747573119513866
-1.214668735424047
-2.5741127676817186
-0.5581443175500348
5.835104682958184
15.590311905718718
26.32146121405999
35.2686318823403
40.69204115488152
43.383636363954
45.96319189344068
48.6387740333829
49.27796620167499
47.6073045636565
43.830837933947976
36.764664445252656
26.088132528625334
13.091165859611582
0.4196040238997192
-8.613351617275523
-13.12279333574243
-15.320388816100273
-17.4393341666396
-20.338860142580693
-22.173881829831245
-18.753550469676792
-10.23280871454218
-2.55407708220684
-0.4037956690790283
-4.412990916324561
-11.23239454487075
-14.896620127323686
-13.69256856388239
-11.839123510690454
-13.058107628150596
-17.895790736187504
-23.717723539588906
-25.77279809102353
-22.989269044399737
-19.30968914614882
-18.109359598765803
-19.870411798195313
-23.39667265227429
-26.875018373341568
-28.690001150093888
-27.62823304873136
-22.841605837227206
